9999.91	1863.11	0.177828
19999.9	1891.91	0.177828
29999.9	1875.72	0.177828
39999.9	1840.66	0.177828
49999.9	1796.46	0.177828
59999.8	1747.77	0.177828
69999.8	1697.14	0.177828
79999.8	1646.05	0.177828
89999.8	1595.42	0.177828
99999.8	1545.79	0.177828
110000	1497.51	0.177828
120000	1450.77	0.177828
130000	1405.68	0.177828
140000	1362.29	0.177828
150000	1320.6	0.177828
160000	1280.6	0.177828
170000	1242.24	0.177828
180000	1205.48	0.177828
190000	1170.26	0.177828
200000	1136.51	0.177828
210000	1104.18	0.177828
220000	1073.19	0.177828
230000	1043.49	0.177828
240000	1015.01	0.177828
250000	987.702	0.177828
260000	961.497	0.177828
270000	936.344	0.177828
280000	912.191	0.177828
289999	888.988	0.177828
299999	866.687	0.177828
309999	845.244	0.177828
319999	824.616	0.177828
329999	804.764	0.177828
339999	785.648	0.177828
349999	767.235	0.177828
359999	749.488	0.177828
369999	732.378	0.177828
379999	715.873	0.177828
389999	699.946	0.177828
399999	684.569	0.177828
409999	669.717	0.177828
419999	655.365	0.177828
429999	641.493	0.177828
439999	628.077	0.177828
449999	615.097	0.177828
459999	602.535	0.177828
469999	590.373	0.177828
479999	578.593	0.177828
489999	567.178	0.177828
499999	556.115	0.177828
509999	545.387	0.177828
519999	534.981	0.177828
529999	524.884	0.177828
539999	515.083	0.177828
549999	505.567	0.177828
559999	496.324	0.177828
569999	487.344	0.177828
579999	478.616	0.177828
589999	470.13	0.177828
599999	461.878	0.177828
609999	453.851	0.177828
619999	446.04	0.177828
629999	438.436	0.177828
639999	431.034	0.177828
649999	423.825	0.177828
659999	416.802	0.177828
669999	409.959	0.177828
679999	403.289	0.177828
689999	396.787	0.177828
699999	390.447	0.177828
709999	384.262	0.177828
719999	378.228	0.177828
729999	372.34	0.177828
739999	366.592	0.177828
749999	360.981	0.177828
759999	355.502	0.177828
769999	350.15	0.177828
779999	344.921	0.177828
789999	339.812	0.177828
799999	334.818	0.177828
809999	329.936	0.177828
819999	325.163	0.177828
829999	320.495	0.177828
839999	315.929	0.177828
849999	311.462	0.177828
859999	307.091	0.177828
869999	302.813	0.177828
879999	298.625	0.177828
889999	294.525	0.177828
899999	290.51	0.177828
909999	286.578	0.177828
919999	282.725	0.177828
929999	278.952	0.177828
939999	275.253	0.177828
949999	271.629	0.177828
959999	268.076	0.177828
969998	264.593	0.177828
979998	261.178	0.177828
989998	257.829	0.177828
999998	254.543	0.177828
1.01e+06	251.321	0.177828
1.02e+06	248.159	0.177828
1.03e+06	245.056	0.177828
1.04e+06	242.012	0.177828
1.05e+06	239.023	0.177828
1.06e+06	236.089	0.177828
1.07e+06	233.208	0.177828
1.08e+06	230.38	0.177828
1.09e+06	227.602	0.177828
1.1e+06	224.873	0.177828
1.11e+06	222.193	0.177828
1.12e+06	219.56	0.177828
1.13e+06	216.972	0.177828
1.14e+06	214.429	0.177828
1.15e+06	211.93	0.177828
1.16e+06	209.474	0.177828
1.17e+06	207.059	0.177828
1.18e+06	204.685	0.177828
1.19e+06	202.35	0.177828
1.2e+06	200.054	0.177828
1.21e+06	197.796	0.177828
1.22e+06	195.575	0.177828
1.23e+06	193.39	0.177828
1.24e+06	191.241	0.177828
1.25e+06	189.126	0.177828
1.26e+06	187.044	0.177828
1.27e+06	184.996	0.177828
1.28e+06	182.98	0.177828
1.29e+06	180.995	0.177828
1.3e+06	179.041	0.177828
1.31e+06	177.118	0.177828
1.32e+06	175.224	0.177828
1.33e+06	173.359	0.177828
1.34e+06	171.522	0.177828
1.35e+06	169.712	0.177828
1.36e+06	167.93	0.177828
1.37e+06	166.175	0.177828
1.38e+06	164.445	0.177828
1.39e+06	162.741	0.177828
1.4e+06	161.062	0.177828
1.41e+06	159.407	0.177828
1.42e+06	157.776	0.177828
1.43e+06	156.168	0.177828
1.44e+06	154.583	0.177828
1.45e+06	153.021	0.177828
1.46e+06	151.481	0.177828
1.47e+06	149.962	0.177828
1.48e+06	148.465	0.177828
1.49e+06	146.989	0.177828
1.5e+06	145.532	0.177828
1.51e+06	144.096	0.177828
1.52e+06	142.679	0.177828
1.53e+06	141.282	0.177828
1.54e+06	139.903	0.177828
1.55e+06	138.543	0.177828
1.56e+06	137.201	0.177828
1.57e+06	135.877	0.177828
1.58e+06	134.57	0.177828
1.59e+06	133.28	0.177828
1.6e+06	132.008	0.177828
1.61e+06	130.751	0.177828
1.62e+06	129.511	0.177828
1.63e+06	128.287	0.177828
1.64e+06	127.079	0.177828
1.65e+06	125.886	0.177828
1.66e+06	124.708	0.177828
1.67e+06	123.544	0.177828
1.68e+06	122.396	0.177828
1.69e+06	121.261	0.177828
1.7e+06	120.141	0.177828
1.71e+06	119.034	0.177828
1.72e+06	117.941	0.177828
1.73e+06	116.862	0.177828
1.74e+06	115.795	0.177828
1.75e+06	114.741	0.177828
1.76e+06	113.7	0.177828
1.77e+06	112.672	0.177828
1.78e+06	111.655	0.177828
1.79e+06	110.651	0.177828
1.8e+06	109.658	0.177828
1.81e+06	108.678	0.177828
1.82e+06	107.708	0.177828
1.83e+06	106.75	0.177828
1.84e+06	105.803	0.177828
1.85e+06	104.867	0.177828
1.86e+06	103.941	0.177828
1.87e+06	103.026	0.177828
1.88e+06	102.122	0.177828
1.89e+06	101.227	0.177828
1.9e+06	100.343	0.177828
1.91e+06	99.4684	0.177828
1.92e+06	98.6036	0.177828
1.93e+06	97.7484	0.177828
1.94e+06	96.9027	0.177828
1.95e+06	96.0662	0.177828
1.96e+06	95.2389	0.177828
1.97e+06	94.4206	0.177828
1.98e+06	93.6111	0.177828
1.99e+06	92.8103	0.177828
2e+06	92.0182	0.177828
2.01e+06	91.2345	0.177828
2.02e+06	90.4591	0.177828
2.03e+06	89.6919	0.177828
2.04e+06	88.9328	0.177828
2.05e+06	88.1817	0.177828
2.06e+06	87.4385	0.177828
2.07e+06	86.7029	0.177828
2.08e+06	85.975	0.177828
2.09e+06	85.2546	0.177828
2.1e+06	84.5415	0.177828
2.11e+06	83.8358	0.177828
2.12e+06	83.1373	0.177828
2.13e+06	82.4458	0.177828
2.14e+06	81.7613	0.177828
2.15e+06	81.0837	0.177828
2.16e+06	80.4129	0.177828
2.17e+06	79.7487	0.177828
2.18e+06	79.0912	0.177828
2.19e+06	78.4401	0.177828
2.2e+06	77.7955	0.177828
2.21e+06	77.1572	0.177828
2.22e+06	76.5251	0.177828
2.23e+06	75.8991	0.177828
2.24e+06	75.2793	0.177828
2.25e+06	74.6654	0.177828
2.26e+06	74.0574	0.177828
2.27e+06	73.4552	0.177828
2.28e+06	72.8587	0.177828
2.29e+06	72.2679	0.177828
2.3e+06	71.6827	0.177828
2.31e+06	71.103	0.177828
2.32e+06	70.5288	0.177828
2.33e+06	69.9599	0.177828
2.34e+06	69.3963	0.177828
2.35e+06	68.8379	0.177828
2.36e+06	68.2847	0.177828
2.37e+06	67.7366	0.177828
2.38e+06	67.1934	0.177828
2.39e+06	66.6553	0.177828
2.4e+06	66.122	0.177828
2.41e+06	65.5936	0.177828
2.42e+06	65.0699	0.177828
2.43e+06	64.551	0.177828
2.44e+06	64.0367	0.177828
2.45e+06	63.527	0.177828
2.46e+06	63.0218	0.177828
2.47e+06	62.5211	0.177828
2.48e+06	62.0248	0.177828
2.49e+06	61.5328	0.177828
2.5e+06	61.0452	0.177828
2.51e+06	60.5618	0.177828
2.52e+06	60.0826	0.177828
2.53e+06	59.6076	0.177828
2.54e+06	59.1367	0.177828
2.55e+06	58.6698	0.177828
2.56e+06	58.2069	0.177828
2.57e+06	57.748	0.177828
2.58e+06	57.293	0.177828
2.59e+06	56.8418	0.177828
2.6e+06	56.3944	0.177828
2.61e+06	55.9508	0.177828
2.62e+06	55.5109	0.177828
2.63e+06	55.0747	0.177828
2.64e+06	54.6422	0.177828
2.65e+06	54.2132	0.177828
2.66e+06	53.7877	0.177828
2.67e+06	53.3658	0.177828
2.68e+06	52.9473	0.177828
2.69e+06	52.5323	0.177828
2.7e+06	52.1206	0.177828
2.71e+06	51.7123	0.177828
2.72e+06	51.3073	0.177828
2.73e+06	50.9055	0.177828
2.74e+06	50.507	0.177828
2.75e+06	50.1117	0.177828
2.76e+06	49.7195	0.177828
2.77e+06	49.3305	0.177828
2.78e+06	48.9445	0.177828
2.79e+06	48.5616	0.177828
2.8e+06	48.1817	0.177828
2.81e+06	47.8048	0.177828
2.82e+06	47.4308	0.177828
2.83e+06	47.0598	0.177828
2.84e+06	46.6916	0.177828
2.85e+06	46.3263	0.177828
2.86e+06	45.9638	0.177828
2.87e+06	45.6041	0.177828
2.88e+06	45.2472	0.177828
2.89e+06	44.893	0.177828
2.9e+06	44.5415	0.177828
2.91e+06	44.1926	0.177828
2.92e+06	43.8464	0.177828
2.93e+06	43.5028	0.177828
2.94e+06	43.1619	0.177828
2.95e+06	42.8234	0.177828
2.96e+06	42.4875	0.177828
2.97e+06	42.1541	0.177828
2.98e+06	41.8232	0.177828
2.99e+06	41.4947	0.177828
3e+06	41.1686	0.177828
3.01e+06	40.845	0.177828
3.02e+06	40.5237	0.177828
3.03e+06	40.2048	0.177828
3.04e+06	39.8882	0.177828
3.05e+06	39.5739	0.177828
3.06e+06	39.2618	0.177828
3.07e+06	38.9521	0.177828
3.08e+06	38.6445	0.177828
3.09e+06	38.3392	0.177828
3.1e+06	38.036	0.177828
3.11e+06	37.7351	0.177828
3.12e+06	37.4362	0.177828
3.13e+06	37.1395	0.177828
3.14e+06	36.8449	0.177828
3.15e+06	36.5523	0.177828
3.16e+06	36.2618	0.177828
3.17e+06	35.9733	0.177828
3.18e+06	35.6869	0.177828
3.19e+06	35.4024	0.177828
3.2e+06	35.12	0.177828
3.21e+06	34.8394	0.177828
3.22e+06	34.5608	0.177828
3.23e+06	34.2842	0.177828
3.24e+06	34.0094	0.177828
3.25e+06	33.7365	0.177828
3.26e+06	33.4655	0.177828
3.27e+06	33.1963	0.177828
3.28e+06	32.9289	0.177828
3.29e+06	32.6634	0.177828
3.3e+06	32.3996	0.177828
3.31e+06	32.1376	0.177828
3.32e+06	31.8774	0.177828
3.33e+06	31.6189	0.177828
3.34e+06	31.3621	0.177828
3.34999e+06	31.107	0.177828
3.35999e+06	30.8536	0.177828
3.36999e+06	30.6019	0.177828
3.37999e+06	30.3519	0.177828
3.38999e+06	30.1035	0.177828
3.39999e+06	29.8567	0.177828
3.40999e+06	29.6115	0.177828
3.41999e+06	29.368	0.177828
3.42999e+06	29.126	0.177828
3.43999e+06	28.8855	0.177828
3.44999e+06	28.6467	0.177828
3.45999e+06	28.4093	0.177828
3.46999e+06	28.1735	0.177828
3.47999e+06	27.9392	0.177828
3.48999e+06	27.7064	0.177828
3.49999e+06	27.4751	0.177828
3.50999e+06	27.2453	0.177828
3.51999e+06	27.0169	0.177828
3.52999e+06	26.7899	0.177828
3.53999e+06	26.5644	0.177828
3.54999e+06	26.3403	0.177828
3.55999e+06	26.1176	0.177828
3.56999e+06	25.8963	0.177828
3.57999e+06	25.6764	0.177828
3.58999e+06	25.4578	0.177828
3.59999e+06	25.2406	0.177828
3.60999e+06	25.0247	0.177828
3.61999e+06	24.8102	0.177828
3.62999e+06	24.597	0.177828
3.63999e+06	24.3851	0.177828
3.64999e+06	24.1745	0.177828
3.65999e+06	23.9652	0.177828
3.66999e+06	23.7571	0.177828
3.67999e+06	23.5503	0.177828
3.68999e+06	23.3448	0.177828
3.69999e+06	23.1405	0.177828
3.70999e+06	22.9374	0.177828
3.71999e+06	22.7355	0.177828
3.72999e+06	22.5349	0.177828
3.73999e+06	22.3354	0.177828
3.74999e+06	22.1372	0.177828
3.75999e+06	21.9401	0.177828
3.76999e+06	21.7442	0.177828
3.77999e+06	21.5494	0.177828
3.78999e+06	21.3558	0.177828
3.79999e+06	21.1634	0.177828
3.80999e+06	20.972	0.177828
3.81999e+06	20.7818	0.177828
3.82999e+06	20.5927	0.177828
3.83999e+06	20.4047	0.177828
3.84999e+06	20.2177	0.177828
3.85999e+06	20.0319	0.177828
3.86999e+06	19.8471	0.177828
3.87999e+06	19.6634	0.177828
3.88999e+06	19.4808	0.177828
