7677234 4.58982e+06
0.1 0.0138831 0.0124993 1
0.106385 0.013048 0.0114787 1
0.113178 0.0122614 0.0105407 1
0.120405 0.0115205 0.00967862 1
0.128093 0.0108226 0.00888635 1
0.136272 0.0101654 0.00815828 1
0.144974 0.00954653 0.00748923 1
0.15423 0.00896374 0.00687444 1
0.164078 0.00841497 0.00630955 1
0.174555 0.00789829 0.00579051 1
0.185701 0.00741183 0.00531364 1
0.197559 0.00695386 0.00487552 1
0.210173 0.00652274 0.00447303 1
0.223593 0.00611692 0.00410329 1
0.23787 0.00573492 0.00376364 1
0.253059 0.00537538 0.00345166 1
0.269217 0.00503699 0.0031651 1
0.286408 0.00471853 0.00290191 1
0.304695 0.00441884 0.00266019 1
0.324151 0.00413683 0.00243821 1
0.344849 0.00387147 0.00223437 1
0.366868 0.0036218 0.00204719 1
0.390294 0.00338691 0.00187532 1
0.415215 0.00316593 0.00171753 1
0.441728 0.00295805 0.00157266 1
0.469933 0.00276252 0.00143967 1
0.499939 0.00257862 0.0013176 1
0.531862 0.00240566 0.00120555 1
0.565823 0.00224302 0.00110271 1
0.601952 0.00209009 0.00100834 1
0.640388 0.00194631 0.000921743 1
0.681278 0.00181115 0.000842287 1
0.72478 0.00168411 0.000769389 1
0.771059 0.00156471 0.000702518 1
0.820293 0.00145252 0.00064118 1
0.872671 0.00134712 0.000584926 1
0.928393 0.00124812 0.00053334 1
0.987673 0.00115514 0.000486042 1
1.05074 0.00106785 0.00044268 1
1.11783 0.000985922 0.000402934 1
1.18921 0.000909042 0.000366508 1
1.26514 0.000836925 0.00033313 1
1.34592 0.000769303 0.00030255 1
1.43186 0.000705922 0.00027454 1
1.52329 0.000646543 0.000248889 1
1.62056 0.000590942 0.000225402 1
1.72404 0.00053891 0.000203902 1
1.83412 0.000490249 0.000184226 1
1.95123 0.000444774 0.000166223 1
2.07582 0.000402312 0.000149755 1
2.20837 0.000362699 0.000134695 1
2.34938 0.000325783 0.000120927 1
2.49939 0.00029142 0.000108342 1
2.65899 0.000259476 9.6842e-05 1
2.82877 0.000229825 8.6336e-05 1
3.00939 0.000202347 7.67398e-05 1
3.20155 0.000176932 6.79758e-05 1
3.40598 0.000153474 5.99719e-05 1
3.62346 0.000131876 5.26614e-05 1
3.85483 0.000112045 4.59817e-05 1
4.10097 9.38937e-05 3.98735e-05 1
4.36282 7.73388e-05 3.42802e-05 1
4.6414 6.23024e-05 2.91458e-05 1
4.93777 4.87102e-05 2.44125e-05 1
5.25306 3.64915e-05 2.0016e-05 1
5.58848 2.55785e-05 1.58744e-05 1
5.94532 1.59061e-05 1.18582e-05 1
6.32494 7.4115e-06 7.6678e-06 1
6.7288 3.3759e-08 4.9022e-07 1.50066
7.15845 1.30235e-06 2.88429e-06 1.50063
7.61554 0.000260459 3.86388e-05 1.51819
8.10181 0.000809472 6.45258e-05 1.54078
8.61913 0.00157385 8.523e-05 1.56689
9.16948 0.00249124 0.000101577 1.59566
9.75498 0.00350981 0.000114212 1.62658
10.3779 0.0045868 0.000123681 1.65932
11.0405 0.00568725 0.00013046 1.69361
11.7455 0.00678292 0.000134963 1.72926
12.4955 0.00785129 0.000137548 1.76612
13.2933 0.00887472 0.000138529 1.80406
14.1421 0.00983974 0.000138176 1.84296
15.0451 0.0107364 0.000136725 1.88273
16.0058 0.0115576 0.000134379 1.92329
17.0278 0.0122989 0.000131314 1.96456
18.1151 0.0129577 0.000127679 2.00646
19.2718 0.0135332 0.000123605 2.04895
20.5023 0.014026 0.000119201 2.09195
21.8115 0.0144377 0.000114562 2.13542
23.2042 0.0147708 0.000109767 2.17931
24.6858 0.0150285 0.000104884 2.22357
26.2621 0.0152145 9.99673e-05 2.26814
27.939 0.015333 9.5065e-05 2.31299
29.723 0.0153881 9.02151e-05 2.35808
31.6209 0.0153845 8.5449e-05 2.40336
33.6399 0.0153266 8.07917e-05 2.44879
35.7879 0.015219 7.62634e-05 2.49434
38.0731 0.0150662 7.18792e-05 2.53995
40.5041 0.0148726 6.76507e-05 2.58559
43.0904 0.0146423 6.35862e-05 2.63123
45.8419 0.0143795 5.9691e-05 2.67682
48.769 0.0140881 5.59683e-05 2.72231
51.883 0.0137717 5.2419e-05 2.76767
55.1959 0.0134339 4.90428e-05 2.81286
58.7203 0.013078 4.58377e-05 2.85783
62.4697 0.0127069 4.28007e-05 2.90253
66.4586 0.0123235 3.9928e-05 2.94692
70.7021 0.0119305 3.7215e-05 2.99094
75.2166 0.0115302 3.46566e-05 3.03455
80.0194 0.0111249 3.22473e-05 3.07769
85.1288 0.0107166 2.99815e-05 3.1203
90.5645 0.0103071 2.7853e-05 3.16233
96.3473 0.00989807 2.58558e-05 3.2037
102.499 0.00949105 2.39838e-05 3.24437
109.044 0.00908734 2.22309e-05 3.28424
116.007 0.00868814 2.05912e-05 3.32326
123.414 0.00829451 1.90587e-05 3.36134
131.295 0.00790738 1.76276e-05 3.3984
139.678 0.00752756 1.62923e-05 3.43436
148.597 0.00715575 1.50474e-05 3.46912
158.085 0.00679255 1.38876e-05 3.50259
168.179 0.00643848 1.2808e-05 3.53467
178.918 0.00609395 1.18037e-05 3.56525
190.342 0.00575932 1.08701e-05 3.59422
202.496 0.00543487 1.00028e-05 3.62146
215.426 0.00512081 9.19761e-06 3.64685
229.182 0.0048173 8.45058e-06 3.67027
243.815 0.00452445 7.75793e-06 3.69157
259.384 0.00424231 7.11612e-06 3.71062
275.946 0.00397091 6.52177e-06 3.72728
293.566 0.00371022 5.97172e-06 3.74138
312.311 0.0034602 5.46297e-06 3.75277
332.253 0.00322076 4.99271e-06 3.76129
353.468 0.0029918 4.55829e-06 3.76677
376.038 0.00277318 4.15723e-06 3.76902
400.048 0.00256477 3.78719e-06 3.76788
425.593 0.00236639 3.446e-06 3.76315
452.768 0.00217786 3.1316e-06 3.75464
481.678 0.00199899 2.84207e-06 3.74216
512.435 0.00182958 2.57563e-06 3.72549
545.155 0.00166939 2.33059e-06 3.70445
579.964 0.00151823 2.1054e-06 3.67881
616.996 0.00137584 1.89858e-06 3.64837
656.393 0.001242 1.70877e-06 3.6129
698.306 0.00111646 1.5347e-06 3.57218
742.894 0.000998971 1.37517e-06 3.52598
790.33 0.000889281 1.22908e-06 3.47406
840.795 0.000787134 1.09537e-06 3.41617
894.481 0.000692269 9.73093e-07 3.35205
951.596 0.000604424 8.61324e-07 3.28142
1012.36 0.000523332 7.59212e-07 3.20395
1077 0.000448726 6.65953e-07 3.1193
1145.77 0.000380335 5.80785e-07 3.02705
1218.93 0.000317889 5.02977e-07 2.92668
1296.76 0.000261116 4.31823e-07 2.81755
1379.56 0.000209744 3.66617e-07 2.69878
1467.65 0.000163503 3.06626e-07 2.56913
1561.36 0.000122124 2.5103e-07 2.42672
1661.06 8.53417e-05 1.98786e-07 2.2684
1767.12 5.28959e-05 1.4825e-07 2.08816
1879.96 2.45312e-05 9.5636e-08 1.87105
