3445556 2.05992e+06
0.1 51.6165 0.762143 1
0.106385 48.5184 0.699961 1
0.113178 45.6062 0.642852 1
0.120405 42.8687 0.590402 1
0.128093 40.2954 0.542231 1
0.136272 37.8765 0.49799 1
0.144974 35.6027 0.457357 1
0.15423 33.4654 0.42004 1
0.164078 31.4563 0.385767 1
0.174555 29.5677 0.35429 1
0.185701 27.7925 0.325381 1
0.197559 26.1237 0.298831 1
0.210173 24.5551 0.274447 1
0.223593 23.0806 0.252052 1
0.23787 21.6946 0.231484 1
0.253059 20.3918 0.212594 1
0.269217 19.1671 0.195245 1
0.286408 18.0159 0.179312 1
0.304695 16.9338 0.164678 1
0.324151 15.9166 0.151239 1
0.344849 14.9605 0.138896 1
0.366868 14.0617 0.12756 1
0.390294 13.2169 0.117149 1
0.415215 12.4228 0.107588 1
0.441728 11.6763 0.0988062 1
0.469933 10.9746 0.0907412 1
0.499939 10.315 0.0833343 1
0.531862 9.69502 0.0765318 1
0.565823 9.11222 0.0702844 1
0.601952 8.5644 0.0645466 1
0.640388 8.04945 0.0592771 1
0.681278 7.5654 0.0544376 1
0.72478 7.1104 0.0499929 1
0.771059 6.68271 0.045911 1
0.820293 6.28068 0.0421621 1
0.872671 5.90278 0.0387192 1
0.928393 5.54756 0.0355572 1
0.987673 5.21365 0.0326532 1
1.05074 4.89979 0.0299863 1
1.11783 4.60476 0.027537 1
1.18921 4.32743 0.0252875 1
1.26514 4.06675 0.0232217 1
1.34592 3.82171 0.0213244 1
1.43186 3.59138 0.0195821 1
1.52329 3.37487 0.0179819 1
1.62056 3.17135 0.0165123 1
1.72404 2.98005 0.0151627 1
1.83412 2.80023 0.0139232 1
1.95123 2.6312 0.0127849 1
2.07582 2.47232 0.0117396 1
2.20837 2.32297 0.0107796 1
2.34938 2.18258 0.0098979 1
2.49939 2.05062 0.00908823 1
2.65899 1.92659 0.00834467 1
2.82877 1.80999 0.00766182 1
3.00939 1.70039 0.00703473 1
3.20155 1.59737 0.00645884 1
3.40598 1.50054 0.00592998 1
3.62346 1.40951 0.00544432 1
3.85483 1.32395 0.00499831 1
4.10097 1.24353 0.00458874 1
4.36282 1.16793 0.00421263 1
4.6414 1.09687 0.00386724 1
4.93777 1.03007 0.00355007 1
5.25306 0.967287 0.00325881 1
5.58848 0.908271 0.00299135 1
5.94532 0.852797 0.00274575 1
6.32494 0.800653 0.00252023 1
6.7288 0.751639 0.00231313 4.82493
7.15845 0.705965 0.00212357 4.85763
7.61554 0.663358 0.00194997 4.89164
8.10181 0.623575 0.00179092 4.92693
8.61913 0.586394 0.00164515 4.96343
9.16948 0.551612 0.00151149 5.0011
9.75498 0.519046 0.0013889 5.03987
10.3779 0.488531 0.00127642 5.07969
11.0405 0.459914 0.00117318 5.12051
11.7455 0.433059 0.0010784 5.16228
12.4955 0.407838 0.000991351 5.20492
13.2933 0.384136 0.000911392 5.2484
14.1421 0.361849 0.000837924 5.29264
15.0451 0.340879 0.000770407 5.33759
16.0058 0.321139 0.000708345 5.38318
17.0278 0.302546 0.000651288 5.42936
18.1151 0.285026 0.000598823 5.47604
19.2718 0.26851 0.000550573 5.52318
20.5023 0.252934 0.000506194 5.57069
21.8115 0.238239 0.00046537 5.61851
23.2042 0.224371 0.000427814 5.66656
24.6858 0.211281 0.00039326 5.71477
26.2621 0.19892 0.000361466 5.76305
27.939 0.187245 0.00033221 5.81132
29.723 0.176217 0.000305288 5.85949
31.6209 0.165797 0.000280513 5.90748
33.6399 0.155951 0.000257714 5.95518
35.7879 0.146645 0.000236732 6.0025
38.0731 0.13785 0.000217423 6.04933
40.5041 0.129537 0.000199653 6.09557
43.0904 0.121678 0.000183301 6.14109
45.8419 0.11425 0.000168254 6.18579
48.769 0.107227 0.000154408 6.22953
51.883 0.100589 0.000141668 6.27218
55.1959 0.0943151 0.000129946 6.31361
58.7203 0.0883847 0.000119163 6.35366
62.4697 0.0827801 0.000109243 6.39219
66.4586 0.077484 0.000100119 6.42903
70.7021 0.0724801 9.17272e-05 6.46403
75.2166 0.0677531 8.40102e-05 6.49699
80.0194 0.0632886 7.69146e-05 6.52775
85.1288 0.0590729 7.03913e-05 6.55612
90.5645 0.0550932 6.4395e-05 6.58188
96.3473 0.0513373 5.88842e-05 6.60485
102.499 0.0477938 5.38204e-05 6.62479
109.044 0.0444519 4.91683e-05 6.6415
116.007 0.0413013 4.48952e-05 6.65474
123.414 0.0383324 4.09713e-05 6.66427
131.295 0.035536 3.73689e-05 6.66986
139.678 0.0329035 3.40624e-05 6.67126
148.597 0.0304268 3.10285e-05 6.6682
158.085 0.028098 2.82455e-05 6.66044
168.179 0.0259099 2.56935e-05 6.64772
178.918 0.0238555 2.33541e-05 6.62977
190.342 0.0219282 2.12105e-05 6.60634
202.496 0.0201219 1.92469e-05 6.57716
215.426 0.0184306 1.74492e-05 6.542
229.182 0.0168487 1.5804e-05 6.5006
243.815 0.0153709 1.42993e-05 6.45274
259.384 0.0139921 1.29236e-05 6.39819
275.946 0.0127075 1.16668e-05 6.33676
293.566 0.0115124 1.05192e-05 6.26826
312.311 0.0104025 9.47213e-06 6.19255
332.253 0.00937357 8.51745e-06 6.10951
353.468 0.00842153 7.64771e-06 6.01904
376.038 0.00754252 6.85603e-06 5.92111
400.048 0.00673281 6.13609e-06 5.81571
425.593 0.00598881 5.48204e-06 5.70291
452.768 0.00530702 4.88851e-06 5.5828
481.678 0.00468408 4.35052e-06 5.45556
512.435 0.0041167 3.86352e-06 5.32143
545.155 0.00360169 3.42326e-06 5.18071
579.964 0.00313594 3.02587e-06 5.03379
616.996 0.00271642 2.66774e-06 4.88112
656.393 0.00234014 2.34555e-06 4.72324
698.306 0.00200421 2.05624e-06 4.56075
742.894 0.00170577 1.79697e-06 4.39433
790.33 0.00144205 1.56513e-06 4.22471
840.795 0.00121031 1.35827e-06 4.05271
894.481 0.00100792 1.17417e-06 3.87915
951.596 0.000832279 1.01072e-06 3.70488
1012.36 0.000680887 8.65988e-07 3.53075
1077 0.000551322 7.38169e-07 3.35756
1145.77 0.000441253 6.2557e-07 3.18604
1218.93 0.000348453 5.26603e-07 3.01672
1296.76 0.000270803 4.3976e-07 2.84994
1379.56 0.0002063 3.63595e-07 2.68562
1467.65 0.000153071 2.96684e-07 2.52316
1561.36 0.000109374 2.37565e-07 2.36104
1661.06 7.36053e-05 1.84612e-07 2.19623
1767.12 4.43051e-05 1.35678e-07 2.02262
1879.96 2.0159e-05 8.66955e-08 1.82554
