5218512 3.11988e+06
0.1 17.9523 0.449471 1
0.106385 16.8748 0.4128 1
0.113178 15.8619 0.37912 1
0.120405 14.9098 0.348188 1
0.128093 14.0148 0.319779 1
0.136272 13.1735 0.293688 1
0.144974 12.3827 0.269725 1
0.15423 11.6393 0.247717 1
0.164078 10.9405 0.227505 1
0.174555 10.2836 0.208941 1
0.185701 9.6662 0.191892 1
0.197559 9.0858 0.176234 1
0.210173 8.54023 0.161853 1
0.223593 8.02739 0.148646 1
0.23787 7.54532 0.136516 1
0.253059 7.09218 0.125376 1
0.269217 6.66623 0.115144 1
0.286408 6.26584 0.105747 1
0.304695 5.88947 0.0971174 1
0.324151 5.53568 0.0891915 1
0.344849 5.20313 0.0819122 1
0.366868 4.89052 0.0752269 1
0.390294 4.59668 0.069087 1
0.415215 4.32047 0.0634481 1
0.441728 4.06083 0.0582692 1
0.469933 3.81678 0.0535129 1
0.499939 3.58737 0.0491447 1
0.531862 3.37172 0.0451329 1
0.565823 3.16902 0.0414485 1
0.601952 2.97848 0.0380647 1
0.640388 2.79937 0.034957 1
0.681278 2.63101 0.0321029 1
0.72478 2.47276 0.0294817 1
0.771059 2.324 0.0270744 1
0.820293 2.18417 0.0248635 1
0.872671 2.05273 0.022833 1
0.928393 1.92918 0.0209683 1
0.987673 1.81304 0.0192557 1
1.05074 1.70387 0.0176828 1
1.11783 1.60125 0.0162384 1
1.18921 1.5048 0.0149118 1
1.26514 1.41413 0.0136935 1
1.34592 1.3289 0.0125746 1
1.43186 1.24878 0.0115471 1
1.52329 1.17348 0.0106034 1
1.62056 1.10269 0.00973671 1
1.72404 1.03615 0.00894079 1
1.83412 0.973609 0.00820984 1
1.95123 0.914817 0.00753856 1
2.07582 0.859554 0.00692208 1
2.20837 0.807608 0.00635593 1
2.34938 0.758779 0.005836 1
2.49939 0.712881 0.00535852 1
2.65899 0.669737 0.00492003 1
2.82877 0.629183 0.00451734 1
3.00939 0.591063 0.00414753 1
3.20155 0.55523 0.00380792 1
3.40598 0.521549 0.00349605 1
3.62346 0.489888 0.00320965 1
3.85483 0.460128 0.00294664 1
4.10097 0.432154 0.00270511 1
4.36282 0.405859 0.00248332 1
4.6414 0.381143 0.00227965 1
4.93777 0.35791 0.00209261 1
5.25306 0.336071 0.00192086 1
5.58848 0.315543 0.00176315 1
5.94532 0.296248 0.00161833 1
6.32494 0.27811 0.00148534 1
6.7288 0.261062 0.00136323 3.14288
7.15845 0.245433 0.00125211 3.16009
7.61554 0.231069 0.00115086 3.17908
8.10181 0.217832 0.00105851 3.19978
8.61913 0.205602 0.000974148 3.22213
9.16948 0.194274 0.000897009 3.24605
9.75498 0.183753 0.000826392 3.27149
10.3779 0.173959 0.000761678 3.29838
11.0405 0.164819 0.000702312 3.32666
11.7455 0.15627 0.000647803 3.35625
12.4955 0.148256 0.000597709 3.3871
13.2933 0.140727 0.000551634 3.41914
14.1421 0.133641 0.000509226 3.45231
15.0451 0.126958 0.000470165 3.48654
16.0058 0.120646 0.000434165 3.52178
17.0278 0.114673 0.000400967 3.55795
18.1151 0.109015 0.000370339 3.59501
19.2718 0.103647 0.000342068 3.63288
20.5023 0.0985478 0.000315964 3.67151
21.8115 0.0936995 0.000291851 3.71084
23.2042 0.0890852 0.000269571 3.7508
24.6858 0.08469 0.000248981 3.79134
26.2621 0.0805005 0.000229947 3.83239
27.939 0.0765047 0.00021235 3.8739
29.723 0.0726915 0.000196078 3.9158
31.6209 0.0690511 0.00018103 3.95802
33.6399 0.0655744 0.000167113 4.00052
35.7879 0.0622531 0.000154242 4.04321
38.0731 0.0590797 0.000142338 4.08604
40.5041 0.0560471 0.000131328 4.12893
43.0904 0.0531488 0.000121145 4.17182
45.8419 0.0503789 0.000111728 4.21464
48.769 0.0477316 0.000103019 4.2573
51.883 0.0452017 9.49669e-05 4.29975
55.1959 0.0427843 8.75216e-05 4.34188
58.7203 0.0404746 8.06387e-05 4.38363
62.4697 0.0382683 7.42763e-05 4.4249
66.4586 0.0361611 6.8396e-05 4.46561
70.7021 0.0341491 6.2962e-05 4.50567
75.2166 0.0322286 5.79412e-05 4.54497
80.0194 0.0303958 5.33031e-05 4.58342
85.1288 0.0286473 4.90192e-05 4.6209
90.5645 0.0269798 4.50633e-05 4.65732
96.3473 0.0253901 4.14109e-05 4.69255
102.499 0.0238753 3.80395e-05 4.72647
109.044 0.0224323 3.49282e-05 4.75895
116.007 0.0210583 3.20575e-05 4.78987
123.414 0.0197506 2.94095e-05 4.81909
131.295 0.0185067 2.69675e-05 4.84646
139.678 0.017324 2.4716e-05 4.87184
148.597 0.0162001 2.26408e-05 4.89506
158.085 0.0151327 2.07286e-05 4.91598
168.179 0.0141196 1.89671e-05 4.93442
178.918 0.0131586 1.7345e-05 4.95021
190.342 0.0122476 1.58516e-05 4.96317
202.496 0.0113846 1.44773e-05 4.97313
215.426 0.0105678 1.32129e-05 4.9799
229.182 0.00979527 1.20502e-05 4.98328
243.815 0.00906523 1.09813e-05 4.98309
259.384 0.00837597 9.99907e-06 4.97912
275.946 0.00772586 9.09692e-06 4.97119
293.566 0.00711331 8.26866e-06 4.9591
312.311 0.00653678 7.50862e-06 4.94265
332.253 0.0059948 6.81153e-06 4.92164
353.468 0.00548596 6.17252e-06 4.8959
376.038 0.00500888 5.58708e-06 4.86523
400.048 0.00456224 5.05106e-06 4.82946
425.593 0.00414474 4.56059e-06 4.78842
452.768 0.00375516 4.11211e-06 4.74198
481.678 0.00339229 3.70234e-06 4.68997
512.435 0.00305495 3.32821e-06 4.63229
545.155 0.00274201 2.9869e-06 4.56883
579.964 0.00245235 2.67582e-06 4.49951
616.996 0.00218488 2.39254e-06 4.42426
656.393 0.00193855 2.13482e-06 4.34304
698.306 0.00171231 1.90061e-06 4.25584
742.894 0.00150513 1.68798e-06 4.16267
790.33 0.00131601 1.49516e-06 4.06354
840.795 0.00114393 1.3205e-06 3.95849
894.481 0.000987924 1.16246e-06 3.84758
951.596 0.000847014 1.01963e-06 3.73082
1012.36 0.000720239 8.90662e-07 3.60826
1077 0.00060665 7.74323e-07 3.47985
1145.77 0.000505312 6.6944e-07 3.3455
1218.93 0.000415303 5.74901e-07 3.20498
1296.76 0.00033572 4.89641e-07 3.05786
1379.56 0.000265679 4.12616e-07 2.90341
1467.65 0.00020432 3.4277e-07 2.74038
1561.36 0.000150813 2.78962e-07 2.5667
1661.06 0.000104361 2.19824e-07 2.3787
1767.12 6.42076e-05 1.63334e-07 2.16928
1879.96 2.96402e-05 1.05124e-07 1.92093
