3228118 1.92992e+06
0.1 58.9111 0.814218 1
0.106385 55.3752 0.747787 1
0.113178 52.0514 0.686776 1
0.120405 48.927 0.630743 1
0.128093 45.99 0.57928 1
0.136272 43.2293 0.532016 1
0.144974 40.6342 0.488607 1
0.15423 38.1947 0.44874 1
0.164078 35.9017 0.412125 1
0.174555 33.7462 0.378498 1
0.185701 31.7201 0.347613 1
0.197559 29.8155 0.319249 1
0.210173 28.0252 0.293198 1
0.223593 26.3423 0.269273 1
0.23787 24.7604 0.2473 1
0.253059 23.2735 0.227119 1
0.269217 21.8757 0.208585 1
0.286408 20.5618 0.191563 1
0.304695 19.3268 0.17593 1
0.324151 18.1658 0.161572 1
0.344849 17.0746 0.148385 1
0.366868 16.0488 0.136275 1
0.390294 15.0845 0.125153 1
0.415215 14.1782 0.114938 1
0.441728 13.3262 0.105556 1
0.469933 12.5253 0.0969403 1
0.499939 11.7725 0.0890273 1
0.531862 11.0649 0.08176 1
0.565823 10.3997 0.0750857 1
0.601952 9.77445 0.0689559 1
0.640388 9.18672 0.0633263 1
0.681278 8.63426 0.0581561 1
0.72478 8.11495 0.0534078 1
0.771059 7.62681 0.0490469 1
0.820293 7.16796 0.0450419 1
0.872671 6.73664 0.0413637 1
0.928393 6.33121 0.0379857 1
0.987673 5.95011 0.0348833 1
1.05074 5.59189 0.0320341 1
1.11783 5.25516 0.0294175 1
1.18921 4.93863 0.0270144 1
1.26514 4.64111 0.0248074 1
1.34592 4.36143 0.0227805 1
1.43186 4.09855 0.0209191 1
1.52329 3.85144 0.0192096 1
1.62056 3.61915 0.0176396 1
1.72404 3.40081 0.0161978 1
1.83412 3.19558 0.0148736 1
1.95123 3.00266 0.0136576 1
2.07582 2.82132 0.0125408 1
2.20837 2.65086 0.0115152 1
2.34938 2.49063 0.0105733 1
2.49939 2.34002 0.00970837 1
2.65899 2.19845 0.00891401 1
2.82877 2.06537 0.00818452 1
3.00939 1.94029 0.00751459 1
3.20155 1.82271 0.00689937 1
3.40598 1.71218 0.00633439 1
3.62346 1.60829 0.00581556 1
3.85483 1.51064 0.0053391 1
4.10097 1.41885 0.00490156 1
4.36282 1.33256 0.00449976 1
4.6414 1.25146 0.00413078 1
4.93777 1.17522 0.00379195 1
5.25306 1.10356 0.00348081 1
5.58848 1.03621 0.00319509 1
5.94532 0.972893 0.00293272 1
6.32494 0.913379 0.0026918 1
6.7288 0.857439 0.00247057 5.13004
7.15845 0.805253 0.00226799 5.16549
7.61554 0.756527 0.00208241 5.20221
8.10181 0.710991 0.00191234 5.24015
8.61913 0.668402 0.00175643 5.27925
9.16948 0.628538 0.00161345 5.31947
9.75498 0.591195 0.00148229 5.36074
10.3779 0.55619 0.00136194 5.40301
11.0405 0.523354 0.00125148 5.44623
11.7455 0.492531 0.00115006 5.49033
12.4955 0.463582 0.00105693 5.53527
13.2933 0.436377 0.000971389 5.58097
14.1421 0.410796 0.0008928 5.62738
15.0451 0.386731 0.000820587 5.67443
16.0058 0.364082 0.00075422 5.72207
17.0278 0.342755 0.000693217 5.77022
18.1151 0.322666 0.000637137 5.81881
19.2718 0.303735 0.000585575 5.86777
20.5023 0.28589 0.000538162 5.91703
21.8115 0.269063 0.000494561 5.96651
23.2042 0.253192 0.000454461 6.01613
24.6858 0.238219 0.000417578 6.06582
26.2621 0.224089 0.000383653 6.11547
27.939 0.210753 0.000352447 6.16501
29.723 0.198163 0.000323741 6.21433
31.6209 0.186277 0.000297334 6.26334
33.6399 0.175053 0.000273041 6.31193
35.7879 0.164453 0.000250694 6.36
38.0731 0.154443 0.000230136 6.40743
40.5041 0.144988 0.000211225 6.45411
43.0904 0.136058 0.00019383 6.4999
45.8419 0.127623 0.000177829 6.54467
48.769 0.119657 0.000163111 6.58829
51.883 0.112132 0.000149575 6.63061
55.1959 0.105026 0.000137127 6.67149
58.7203 0.0983158 0.000125679 6.71075
62.4697 0.0919794 0.000115153 6.74823
66.4586 0.0859972 0.000105476 6.78376
70.7021 0.0803501 9.65787e-05 6.81715
75.2166 0.0750203 8.84009e-05 6.84821
80.0194 0.0699912 8.0885e-05 6.87674
85.1288 0.0652469 7.39783e-05 6.90254
90.5645 0.0607724 6.76327e-05 6.92538
96.3473 0.0565538 6.18035e-05 6.94505
102.499 0.0525776 5.64497e-05 6.9613
109.044 0.0488315 5.15335e-05 6.97389
116.007 0.0453035 4.70202e-05 6.98258
123.414 0.0419825 4.28777e-05 6.98712
131.295 0.038858 3.90766e-05 6.98724
139.678 0.03592 3.55896e-05 6.98267
148.597 0.0331591 3.23918e-05 6.97315
158.085 0.0305663 2.946e-05 6.9584
168.179 0.0281332 2.67732e-05 6.93815
178.918 0.0258519 2.43117e-05 6.91212
190.342 0.0237148 2.20576e-05 6.88006
202.496 0.0217147 1.99942e-05 6.84168
215.426 0.0198449 1.81063e-05 6.79675
229.182 0.0180989 1.63799e-05 6.74501
243.815 0.0164706 1.48019e-05 6.68624
259.384 0.0149542 1.33605e-05 6.62022
275.946 0.0135441 1.20447e-05 6.54678
293.566 0.012235 1.08443e-05 6.46575
312.311 0.0110219 9.75003e-06 6.37701
332.253 0.00989986 8.7533e-06 6.28047
353.468 0.00886433 7.84619e-06 6.17609
376.038 0.00791079 7.02141e-06 6.06387
400.048 0.00703496 6.27226e-06 5.94388
425.593 0.00623266 5.59253e-06 5.81623
452.768 0.00549987 4.97653e-06 5.68112
481.678 0.00483269 4.419e-06 5.53879
512.435 0.00422732 3.91508e-06 5.38958
545.155 0.00368006 3.4603e-06 5.23391
579.964 0.0031873 3.05054e-06 5.07227
616.996 0.00274551 2.68198e-06 4.90522
656.393 0.00235127 2.35112e-06 4.73345
698.306 0.00200119 2.05469e-06 4.55767
742.894 0.00169199 1.7897e-06 4.37871
790.33 0.00142046 1.55336e-06 4.19745
840.795 0.00118346 1.34312e-06 4.01481
894.481 0.000977971 1.15659e-06 3.83178
951.596 0.000801029 9.91562e-07 3.64933
1012.36 0.000649794 8.45984e-07 3.46844
1077 0.000521534 7.17951e-07 3.29004
1145.77 0.000413639 6.05679e-07 3.11494
1218.93 0.00032363 5.07499e-07 2.94381
1296.76 0.00024917 4.2183e-07 2.77705
1379.56 0.000188073 3.47161e-07 2.61471
1467.65 0.000138308 2.82014e-07 2.45627
1561.36 9.80111e-05 2.24886e-07 2.30032
1661.06 6.5481e-05 1.74125e-07 2.14401
1767.12 3.91858e-05 1.27599e-07 1.98154
1879.96 1.77596e-05 8.13725e-08 1.79916
