4231678 2.5299e+06
0.1 32.528 0.605021 1
0.106385 30.5756 0.555659 1
0.113178 28.7404 0.510323 1
0.120405 27.0152 0.468686 1
0.128093 25.3936 0.430446 1
0.136272 23.8692 0.395325 1
0.144974 22.4363 0.36307 1
0.15423 21.0894 0.333446 1
0.164078 19.8233 0.306239 1
0.174555 18.6332 0.281251 1
0.185701 17.5145 0.258302 1
0.197559 16.4629 0.237225 1
0.210173 15.4744 0.217868 1
0.223593 14.5452 0.20009 1
0.23787 13.6717 0.183762 1
0.253059 12.8507 0.168767 1
0.269217 12.0789 0.154994 1
0.286408 11.3535 0.142346 1
0.304695 10.6716 0.130729 1
0.324151 10.0306 0.120061 1
0.344849 9.42804 0.110262 1
0.366868 8.86166 0.101263 1
0.390294 8.32926 0.0929988 1
0.415215 7.82882 0.0854085 1
0.441728 7.3584 0.0784374 1
0.469933 6.91621 0.0720351 1
0.499939 6.50056 0.0661553 1
0.531862 6.10985 0.0607551 1
0.565823 5.74259 0.0557956 1
0.601952 5.39736 0.0512408 1
0.640388 5.07285 0.0470576 1
0.681278 4.76782 0.0432158 1
0.72478 4.48109 0.0396875 1
0.771059 4.21157 0.036447 1
0.820293 3.95822 0.033471 1
0.872671 3.72008 0.0307379 1
0.928393 3.49623 0.0282278 1
0.987673 3.28581 0.0259225 1
1.05074 3.08802 0.0238053 1
1.11783 2.9021 0.0218609 1
1.18921 2.72733 0.0200752 1
1.26514 2.56306 0.0184353 1
1.34592 2.40864 0.0169291 1
1.43186 2.26349 0.015546 1
1.52329 2.12706 0.0142756 1
1.62056 1.99881 0.013109 1
1.72404 1.87825 0.0120376 1
1.83412 1.76493 0.0110537 1
1.95123 1.65842 0.0101501 1
2.07582 1.55829 0.00932019 1
2.20837 1.46418 0.00855807 1
2.34938 1.37571 0.00785816 1
2.49939 1.29255 0.0072154 1
2.65899 1.21439 0.00662511 1
2.82877 1.14091 0.00608302 1
3.00939 1.07184 0.0055852 1
3.20155 1.00692 0.00512802 1
3.40598 0.9459 0.00470818 1
3.62346 0.888539 0.00432262 1
3.85483 0.834621 0.00396855 1
4.10097 0.783938 0.0036434 1
4.36282 0.736298 0.00334481 1
4.6414 0.691517 0.00307061 1
4.93777 0.649425 0.00281882 1
5.25306 0.609858 0.00258759 1
5.58848 0.572667 0.00237526 1
5.94532 0.537708 0.00218028 1
6.32494 0.504848 0.00200123 1
6.7288 0.47396 0.00183682 3.94495
7.15845 0.445323 0.0016866 3.9696
7.61554 0.418731 0.00154925 3.99575
8.10181 0.394001 0.00142358 4.02335
8.61913 0.370968 0.00130852 4.05234
9.16948 0.349485 0.00120311 4.08266
9.75498 0.32942 0.00110648 4.11426
10.3779 0.310654 0.00101786 4.14709
11.0405 0.293081 0.000936527 4.18109
11.7455 0.276606 0.000861858 4.21619
12.4955 0.261141 0.000793271 4.25236
13.2933 0.24661 0.000730243 4.28952
14.1421 0.232941 0.000672302 4.32762
15.0451 0.220072 0.000619017 4.36661
16.0058 0.207945 0.000569998 4.40642
17.0278 0.196508 0.000524889 4.447
18.1151 0.185713 0.000483367 4.48829
19.2718 0.175517 0.000445138 4.53023
20.5023 0.165881 0.000409932 4.57275
21.8115 0.156768 0.000377504 4.6158
23.2042 0.148146 0.000347629 4.65932
24.6858 0.139984 0.000320103 4.70322
26.2621 0.132255 0.000294737 4.74746
27.939 0.124933 0.00027136 4.79196
29.723 0.117994 0.000249814 4.83665
31.6209 0.111416 0.000229953 4.88147
33.6399 0.10518 0.000211646 4.92632
35.7879 0.0992651 0.000194769 4.97114
38.0731 0.0936551 0.000179212 5.01585
40.5041 0.0883334 0.00016487 5.06036
43.0904 0.0832847 0.00015165 5.10458
45.8419 0.0784946 0.000139462 5.14843
48.769 0.0739499 0.000128229 5.19181
51.883 0.0696379 0.000117874 5.23461
55.1959 0.0655468 0.00010833 5.27675
58.7203 0.0616657 9.95346e-05 5.31809
62.4697 0.0579839 9.14292e-05 5.35855
66.4586 0.0544917 8.39605e-05 5.39799
70.7021 0.0511798 7.70793e-05 5.43629
75.2166 0.0480393 7.07401e-05 5.47332
80.0194 0.0450619 6.49009e-05 5.50894
85.1288 0.0422398 5.95231e-05 5.54302
90.5645 0.0395656 5.4571e-05 5.57541
96.3473 0.0370321 5.00116e-05 5.60594
102.499 0.0346326 4.58146e-05 5.63446
109.044 0.0323609 4.19517e-05 5.6608
116.007 0.0302108 3.83972e-05 5.68478
123.414 0.0281767 3.51271e-05 5.70622
131.295 0.0262531 3.21193e-05 5.72494
139.678 0.0244349 2.93535e-05 5.74073
148.597 0.022717 2.68108e-05 5.75341
158.085 0.021095 2.44738e-05 5.76275
168.179 0.0195643 2.23266e-05 5.76855
178.918 0.0181207 2.03543e-05 5.7706
190.342 0.0167602 1.85433e-05 5.76867
202.496 0.0154789 1.6881e-05 5.76254
215.426 0.0142733 1.53556e-05 5.75199
229.182 0.0131399 1.39566e-05 5.7368
243.815 0.0120753 1.26739e-05 5.71674
259.384 0.0110764 1.14985e-05 5.6916
275.946 0.0101403 1.04219e-05 5.66116
293.566 0.00926398 9.43623e-06 5.62522
312.311 0.00844478 8.53439e-06 5.58359
332.253 0.00768004 7.70972e-06 5.53609
353.468 0.00696726 6.95612e-06 5.48254
376.038 0.00630402 6.26792e-06 5.42282
400.048 0.00568798 5.63991e-06 5.3568
425.593 0.00511693 5.0673e-06 5.28439
452.768 0.00458868 4.54564e-06 5.20552
481.678 0.00410115 4.07083e-06 5.12017
512.435 0.00365232 3.63909e-06 5.02836
545.155 0.00324022 3.24694e-06 4.93013
579.964 0.00286292 2.89115e-06 4.82559
616.996 0.00251856 2.56874e-06 4.71488
656.393 0.0022053 2.27697e-06 4.5982
698.306 0.00192136 2.01329e-06 4.4758
742.894 0.00166496 1.77534e-06 4.34797
790.33 0.00143438 1.56096e-06 4.21505
840.795 0.00122793 1.36812e-06 4.07741
894.481 0.00104392 1.19495e-06 3.93546
951.596 0.000880716 1.03971e-06 3.78961
1012.36 0.000736708 9.00787e-07 3.64028
1077 0.000610314 7.76658e-07 3.48782
1145.77 0.00049999 6.65905e-07 3.33252
1218.93 0.000404232 5.67186e-07 3.17454
1296.76 0.00032158 4.79219e-07 3.01381
1379.56 0.000250628 4.00759e-07 2.84989
1467.65 0.000190025 3.30562e-07 2.68183
1561.36 0.000138488 2.6732e-07 2.50776
1661.06 9.48039e-05 2.09516e-07 2.3242
1767.12 5.78411e-05 1.55025e-07 2.12427
1879.96 2.65558e-05 9.95041e-08 1.89119
