5435950 3.24987e+06
0.1 15.5734 0.418633 1
0.106385 14.6387 0.384478 1
0.113178 13.76 0.353109 1
0.120405 12.934 0.324299 1
0.128093 12.1576 0.297839 1
0.136272 11.4278 0.273538 1
0.144974 10.7418 0.251219 1
0.15423 10.0969 0.230721 1
0.164078 9.49071 0.211895 1
0.174555 8.92089 0.194605 1
0.185701 8.38526 0.178726 1
0.197559 7.88176 0.164142 1
0.210173 7.40848 0.150748 1
0.223593 6.96359 0.138447 1
0.23787 6.5454 0.127149 1
0.253059 6.1523 0.116773 1
0.269217 5.78278 0.107243 1
0.286408 5.43544 0.0984913 1
0.304695 5.10894 0.0904533 1
0.324151 4.80203 0.0830712 1
0.344849 4.51354 0.0762913 1
0.366868 4.24235 0.0700646 1
0.390294 3.98744 0.064346 1
0.415215 3.74783 0.0590939 1
0.441728 3.52259 0.0542704 1
0.469933 3.31087 0.0498404 1
0.499939 3.11185 0.0457719 1
0.531862 2.92478 0.0420353 1
0.565823 2.74893 0.0386037 1
0.601952 2.58364 0.035452 1
0.640388 2.42826 0.0325575 1
0.681278 2.28221 0.0298992 1
0.72478 2.14492 0.0274579 1
0.771059 2.01587 0.0252157 1
0.820293 1.89456 0.0231565 1
0.872671 1.78054 0.0212654 1
0.928393 1.67335 0.0195286 1
0.987673 1.5726 0.0179335 1
1.05074 1.4779 0.0164686 1
1.11783 1.38888 0.0151232 1
1.18921 1.3052 0.0138877 1
1.26514 1.22654 0.012753 1
1.34592 1.1526 0.0117109 1
1.43186 1.0831 0.0107538 1
1.52329 1.01777 0.00987489 1
1.62056 0.956366 0.0090677 1
1.72404 0.898643 0.00832641 1
1.83412 0.844384 0.00764562 1
1.95123 0.793382 0.00702041 1
2.07582 0.74544 0.00644624 1
2.20837 0.700376 0.00591895 1
2.34938 0.658016 0.0054347 1
2.49939 0.618199 0.00499 1
2.65899 0.580771 0.0045816 1
2.82877 0.545589 0.00420656 1
3.00939 0.512519 0.00386214 1
3.20155 0.481434 0.00354584 1
3.40598 0.452214 0.00325538 1
3.62346 0.424748 0.00298865 1
3.85483 0.39893 0.0027437 1
4.10097 0.374663 0.00251876 1
4.36282 0.351851 0.0023122 1
4.6414 0.330409 0.00212251 1
4.93777 0.310254 0.00194832 1
5.25306 0.291308 0.00178837 1
5.58848 0.2735 0.00164149 1
5.94532 0.256761 0.00150662 1
6.32494 0.241026 0.00138277 1
6.7288 0.226236 0.00126905 2.99331
7.15845 0.21273 0.00116571 3.00914
7.61554 0.200362 0.00107167 3.02682
8.10181 0.189 0.000985971 3.04628
8.61913 0.178534 0.000907761 3.06745
9.16948 0.168863 0.00083629 3.09027
9.75498 0.1599 0.000770892 3.11466
10.3779 0.15157 0.000710976 3.14057
11.0405 0.143807 0.000656018 3.16791
11.7455 0.136551 0.000605554 3.19662
12.4955 0.129753 0.000559168 3.22663
13.2933 0.123367 0.00051649 3.25788
14.1421 0.117355 0.000477191 3.29029
15.0451 0.111682 0.000440973 3.32381
16.0058 0.106319 0.000407571 3.35837
17.0278 0.101239 0.000376748 3.3939
18.1151 0.0964187 0.000348287 3.43035
19.2718 0.0918385 0.000321994 3.46764
20.5023 0.0874802 0.000297693 3.50572
21.8115 0.0833281 0.000275225 3.54453
23.2042 0.0793681 0.000254445 3.584
24.6858 0.0755878 0.000235221 3.62407
26.2621 0.0719762 0.000217432 3.66469
27.939 0.0685235 0.000200968 3.70578
29.723 0.0652207 0.000185729 3.7473
31.6209 0.06206 0.000171621 3.78918
33.6399 0.059034 0.00015856 3.83135
35.7879 0.0561363 0.000146468 3.87376
38.0731 0.0533609 0.000135273 3.91634
40.5041 0.0507022 0.000124909 3.95902
43.0904 0.0481553 0.000115314 4.00173
45.8419 0.0457155 0.000106431 4.04442
48.769 0.0433783 9.82092e-05 4.087
51.883 0.0411397 9.05994e-05 4.1294
55.1959 0.0389959 8.3557e-05 4.17154
58.7203 0.0369432 7.70406e-05 4.21336
62.4697 0.0349783 7.10117e-05 4.25476
66.4586 0.0330977 6.54348e-05 4.29567
70.7021 0.0312986 6.02769e-05 4.33599
75.2166 0.0295777 5.55072e-05 4.37563
80.0194 0.0279324 5.10976e-05 4.41449
85.1288 0.0263599 4.70215e-05 4.45248
90.5645 0.0248575 4.32546e-05 4.48949
96.3473 0.0234227 3.97741e-05 4.52542
102.499 0.0220531 3.65591e-05 4.56014
109.044 0.0207462 3.35899e-05 4.59354
116.007 0.0194998 3.08485e-05 4.62549
123.414 0.0183117 2.83179e-05 4.65586
131.295 0.0171798 2.59827e-05 4.68453
139.678 0.0161019 2.38283e-05 4.71134
148.597 0.0150761 2.18413e-05 4.73615
158.085 0.0141004 2.00091e-05 4.7588
168.179 0.013173 1.83203e-05 4.77915
178.918 0.012292 1.67641e-05 4.79702
190.342 0.0114558 1.53306e-05 4.81225
202.496 0.0106625 1.40106e-05 4.82466
215.426 0.00991057 1.27954e-05 4.83407
229.182 0.00919843 1.16773e-05 4.84031
243.815 0.00852454 1.06488e-05 4.84318
259.384 0.00788742 9.70308e-06 4.84249
275.946 0.00728565 8.83395e-06 4.83805
293.566 0.00671784 8.03553e-06 4.82968
312.311 0.00618266 7.30241e-06 4.81716
332.253 0.00567882 6.62958e-06 4.80033
353.468 0.00520508 6.01242e-06 4.77897
376.038 0.00476024 5.44664e-06 4.75291
400.048 0.00434311 4.92826e-06 4.72197
425.593 0.00395258 4.45361e-06 4.68598
452.768 0.00358754 4.01929e-06 4.64477
481.678 0.00324693 3.62214e-06 4.59818
512.435 0.0029297 3.25927e-06 4.54608
545.155 0.00263485 2.92796e-06 4.48835
579.964 0.00236139 2.62573e-06 4.42488
616.996 0.00210835 2.35026e-06 4.35556
656.393 0.00187478 2.09942e-06 4.28034
698.306 0.00165976 1.87122e-06 4.19916
742.894 0.00146236 1.66382e-06 4.11198
790.33 0.00128168 1.47553e-06 4.01877
840.795 0.00111684 1.30477e-06 3.91952
894.481 0.000966945 1.15005e-06 3.81422
951.596 0.000831136 1.01002e-06 3.70286
1012.36 0.000708548 8.83403e-07 3.58538
1077 0.000598332 7.68996e-07 3.46171
1145.77 0.000499648 6.65677e-07 3.33169
1218.93 0.000411666 5.72378e-07 3.19501
1296.76 0.000333575 4.88075e-07 3.05122
1379.56 0.000264577 4.1176e-07 2.89952
1467.65 0.000203894 3.42412e-07 2.73865
1561.36 0.000150775 2.78927e-07 2.56652
1661.06 0.000104496 2.19965e-07 2.37946
1767.12 6.43662e-05 1.63535e-07 2.17038
1879.96 2.97359e-05 1.05294e-07 1.92183
