5335594 3.18987e+06
0.1 16.6428 0.432768 1
0.106385 15.6439 0.397459 1
0.113178 14.7049 0.365031 1
0.120405 13.8222 0.335248 1
0.128093 12.9925 0.307895 1
0.136272 12.2125 0.282773 1
0.144974 11.4794 0.259701 1
0.15423 10.7902 0.238511 1
0.164078 10.1424 0.21905 1
0.174555 9.53348 0.201176 1
0.185701 8.96107 0.184761 1
0.197559 8.42301 0.169684 1
0.210173 7.91723 0.155838 1
0.223593 7.4418 0.143121 1
0.23787 6.99489 0.131442 1
0.253059 6.5748 0.120716 1
0.269217 6.17992 0.110865 1
0.286408 5.80873 0.101817 1
0.304695 5.45981 0.0935078 1
0.324151 5.13183 0.0858764 1
0.344849 4.82353 0.0788677 1
0.366868 4.53372 0.0724307 1
0.390294 4.26131 0.066519 1
0.415215 4.00525 0.0610896 1
0.441728 3.76455 0.0561032 1
0.469933 3.53829 0.0515237 1
0.499939 3.32561 0.0473178 1
0.531862 3.12569 0.0434551 1
0.565823 2.93777 0.0399076 1
0.601952 2.76113 0.0366495 1
0.640388 2.59509 0.0336573 1
0.681278 2.43901 0.0309093 1
0.72478 2.29229 0.0283855 1
0.771059 2.15438 0.0260676 1
0.820293 2.02475 0.0239389 1
0.872671 1.9029 0.0219839 1
0.928393 1.78835 0.0201885 1
0.987673 1.68069 0.0185395 1
1.05074 1.57948 0.0170252 1
1.11783 1.48435 0.0156344 1
1.18921 1.39492 0.0143571 1
1.26514 1.31087 0.0131841 1
1.34592 1.23185 0.0121068 1
1.43186 1.15758 0.0111174 1
1.52329 1.08777 0.0102088 1
1.62056 1.02215 0.00937436 1
1.72404 0.96046 0.00860803 1
1.83412 0.902477 0.00790425 1
1.95123 0.847973 0.00725792 1
2.07582 0.79674 0.00666436 1
2.20837 0.748582 0.00611926 1
2.34938 0.703314 0.00561866 1
2.49939 0.660763 0.00515893 1
2.65899 0.620766 0.00473674 1
2.82877 0.58317 0.00434902 1
3.00939 0.547829 0.00399296 1
3.20155 0.51461 0.00366598 1
3.40598 0.483384 0.00336571 1
3.62346 0.454033 0.00308996 1
3.85483 0.426443 0.00283673 1
4.10097 0.400509 0.00260419 1
4.36282 0.376132 0.00239065 1
4.6414 0.353218 0.00219455 1
4.93777 0.331679 0.00201447 1
5.25306 0.311433 0.00184911 1
5.58848 0.292402 0.00169727 1
5.94532 0.274514 0.00155783 1
6.32494 0.257699 0.0014298 1
6.7288 0.241894 0.00131223 3.06144
7.15845 0.227434 0.00120532 3.0779
7.61554 0.214168 0.00110798 3.09618
8.10181 0.201964 0.00101922 3.1162
8.61913 0.190705 0.000938192 3.1379
9.16948 0.180288 0.00086412 3.16122
9.75498 0.170626 0.000796326 3.18608
10.3779 0.161638 0.000734207 3.21243
11.0405 0.153255 0.000677227 3.24019
11.7455 0.145418 0.000624906 3.26929
12.4955 0.138073 0.000576818 3.29968
13.2933 0.131174 0.000532581 3.33128
14.1421 0.124679 0.000491855 3.36402
15.0451 0.118552 0.000454333 3.39786
16.0058 0.112762 0.00041974 3.43271
17.0278 0.107281 0.000387827 3.46853
18.1151 0.102084 0.000358373 3.50524
19.2718 0.0971495 0.000331173 3.54279
20.5023 0.0924582 0.000306046 3.58111
21.8115 0.0879932 0.000282824 3.62014
23.2042 0.083739 0.000261358 3.65982
24.6858 0.0796823 0.000241508 3.7001
26.2621 0.075811 0.000223149 3.74091
27.939 0.0721141 0.000206166 3.78218
29.723 0.0685819 0.000190454 3.82386
31.6209 0.0652055 0.000175917 3.86589
33.6399 0.0619769 0.000162464 3.9082
35.7879 0.0588888 0.000150016 3.95074
38.0731 0.0559344 0.000138497 3.99342
40.5041 0.0531077 0.000127838 4.03619
43.0904 0.0504028 0.000117974 4.07898
45.8419 0.0478146 0.000108847 4.12172
48.769 0.045338 0.000100403 4.16433
51.883 0.0429684 9.25911e-05 4.20675
55.1959 0.0407016 8.53649e-05 4.24889
58.7203 0.0385334 7.86811e-05 4.29067
62.4697 0.0364599 7.25001e-05 4.33202
66.4586 0.0344775 6.67848e-05 4.37283
70.7021 0.0325826 6.15009e-05 4.41303
75.2166 0.030772 5.66167e-05 4.45252
80.0194 0.0290424 5.21029e-05 4.4912
85.1288 0.0273907 4.79321e-05 4.52896
90.5645 0.0258141 4.4079e-05 4.56571
96.3473 0.0243096 4.05202e-05 4.60132
102.499 0.0228747 3.72339e-05 4.63568
109.044 0.0215066 3.41999e-05 4.66867
116.007 0.0202028 3.13996e-05 4.70016
123.414 0.0189609 2.88156e-05 4.73002
131.295 0.0177786 2.64317e-05 4.75811
139.678 0.0166536 2.42331e-05 4.78428
148.597 0.0155837 2.22059e-05 4.80838
158.085 0.0145667 2.03373e-05 4.83026
168.179 0.0136007 1.86154e-05 4.84975
178.918 0.0126837 1.70291e-05 4.86669
190.342 0.0118138 1.55684e-05 4.88091
202.496 0.0109892 1.42236e-05 4.89223
215.426 0.010208 1.2986e-05 4.90046
229.182 0.00946868 1.18476e-05 4.90542
243.815 0.00876949 1.08007e-05 4.90692
259.384 0.00810888 9.83836e-06 4.90477
275.946 0.00748532 8.95419e-06 4.89877
293.566 0.00689734 8.14217e-06 4.88873
312.311 0.00634351 7.39679e-06 4.87445
332.253 0.00582247 6.71291e-06 4.85575
353.468 0.00533289 6.08579e-06 4.83243
376.038 0.00487348 5.51105e-06 4.8043
400.048 0.00444302 4.98462e-06 4.7712
425.593 0.0040403 4.50276e-06 4.73295
452.768 0.00366416 4.06198e-06 4.68938
481.678 0.00331347 3.65907e-06 4.64037
512.435 0.00298713 3.29106e-06 4.58576
545.155 0.00268408 2.95519e-06 4.52546
579.964 0.00240327 2.64891e-06 4.45935
616.996 0.00214367 2.36987e-06 4.38737
656.393 0.0019043 2.11588e-06 4.30945
698.306 0.00168416 1.88492e-06 4.22556
742.894 0.0014823 1.67513e-06 4.13567
790.33 0.00129776 1.48476e-06 4.03979
840.795 0.0011296 1.3122e-06 3.93792
894.481 0.000976897 1.15596e-06 3.83007
951.596 0.000838735 1.01463e-06 3.71626
1012.36 0.000714209 8.86925e-07 3.59647
1077 0.000602423 7.71621e-07 3.47064
1145.77 0.000502495 6.67571e-07 3.33864
1218.93 0.000413555 5.7369e-07 3.20019
1296.76 0.000334749 4.88933e-07 3.05486
1379.56 0.000265242 4.12277e-07 2.90187
1467.65 0.000204219 3.42685e-07 2.73997
1561.36 0.000150892 2.79035e-07 2.56707
1661.06 0.000104505 2.19975e-07 2.37951
1767.12 6.43384e-05 1.635e-07 2.17019
1879.96 2.97131e-05 1.05253e-07 1.92162
