1338080 799968
0.1 260.881 1.71342 1
0.106385 245.222 1.57362 1
0.113178 230.502 1.44523 1
0.120405 216.665 1.32731 1
0.128093 203.658 1.21901 1
0.136272 191.431 1.11954 1
0.144974 179.937 1.02819 1
0.15423 169.133 0.944293 1
0.164078 158.977 0.867238 1
0.174555 149.43 0.796469 1
0.185701 140.455 0.731473 1
0.197559 132.019 0.671779 1
0.210173 124.089 0.616955 1
0.223593 116.635 0.566604 1
0.23787 109.628 0.52036 1
0.253059 103.041 0.47789 1
0.269217 96.8492 0.438884 1
0.286408 91.0289 0.40306 1
0.304695 85.5579 0.37016 1
0.324151 80.415 0.339943 1
0.344849 75.5807 0.312192 1
0.366868 71.0364 0.286705 1
0.390294 66.7647 0.263298 1
0.415215 62.7494 0.241801 1
0.441728 58.9749 0.222057 1
0.469933 55.4269 0.203925 1
0.499939 52.0917 0.187272 1
0.531862 48.9567 0.171978 1
0.565823 46.0098 0.157933 1
0.601952 43.2397 0.145033 1
0.640388 40.6357 0.133186 1
0.681278 38.1881 0.122306 1
0.72478 35.8873 0.112313 1
0.771059 33.7245 0.103137 1
0.820293 31.6915 0.0947089 1
0.872671 29.7805 0.0869689 1
0.928393 27.9842 0.0798607 1
0.987673 26.2957 0.0733326 1
1.05074 24.7085 0.0673375 1
1.11783 23.2165 0.0618317 1
1.18921 21.814 0.0567753 1
1.26514 20.4958 0.0521318 1
1.34592 19.2566 0.0478673 1
1.43186 18.0918 0.043951 1
1.52329 16.9969 0.0403544 1
1.62056 15.9677 0.0370515 1
1.72404 15.0002 0.0340183 1
1.83412 14.0909 0.0312328 1
1.95123 13.2361 0.0286748 1
2.07582 12.4326 0.0263257 1
2.20837 11.6773 0.0241685 1
2.34938 10.9673 0.0221875 1
2.49939 10.3 0.0203683 1
2.65899 9.67273 0.0186978 1
2.82877 9.0831 0.0171637 1
3.00939 8.52886 0.015755 1
3.20155 8.0079 0.0144614 1
3.40598 7.51821 0.0132736 1
3.62346 7.05791 0.0121828 1
3.85483 6.62525 0.0111812 1
4.10097 6.21857 0.0102615 1
4.36282 5.8363 0.00941703 1
4.6414 5.47699 0.00864161 1
4.93777 5.13926 0.00792963 1
5.25306 4.82181 0.00727589 1
5.58848 4.52343 0.00667565 1
5.94532 4.24297 0.00612454 1
6.32494 3.97936 0.00561855 1
6.7288 3.73159 0.00515398 11.1762
7.15845 3.4991 0.00472774 11.2607
7.61554 3.28092 0.00433662 11.3456
8.10181 3.07612 0.00397772 11.4307
8.61913 2.88385 0.00364836 11.516
9.16948 2.70331 0.00334609 11.6013
9.75498 2.53376 0.00306868 11.6865
10.3779 2.3745 0.00281406 11.7715
11.0405 2.22491 0.00258037 11.856
11.7455 2.08436 0.00236587 11.94
12.4955 1.95231 0.00216899 12.0233
13.2933 1.82822 0.00198828 12.1058
14.1421 1.71161 0.0018224 12.1871
15.0451 1.60202 0.00167014 12.2672
16.0058 1.49901 0.00153039 12.3458
17.0278 1.4022 0.00140211 12.4228
18.1151 1.3112 0.00128437 12.4978
19.2718 1.22566 0.00117631 12.5707
20.5023 1.14526 0.00107712 12.6412
21.8115 1.06968 0.000986098 12.7091
23.2042 0.998648 0.000902563 12.7739
24.6858 0.931881 0.000825905 12.8355
26.2621 0.86913 0.000755564 12.8935
27.939 0.810159 0.000691023 12.9477
29.723 0.754744 0.000631809 12.9975
31.6209 0.702677 0.000577488 13.0428
33.6399 0.653764 0.00052766 13.083
35.7879 0.60782 0.000481959 13.1178
38.0731 0.564674 0.000440048 13.1468
40.5041 0.524163 0.000401618 13.1696
43.0904 0.486138 0.000366385 13.1856
45.8419 0.450455 0.000334089 13.1945
48.769 0.416981 0.000304491 13.1957
51.883 0.38559 0.000277369 13.1887
55.1959 0.356166 0.000252522 13.1731
58.7203 0.328597 0.000229765 13.1482
62.4697 0.30278 0.000208927 13.1137
66.4586 0.278616 0.000189851 13.0689
70.7021 0.256016 0.000172394 13.0133
75.2166 0.234891 0.000156423 12.9463
80.0194 0.215162 0.000141817 12.8675
85.1288 0.196751 0.000128464 12.7764
90.5645 0.179586 0.000116263 12.6723
96.3473 0.163601 0.000105117 12.5548
102.499 0.14873 9.49425e-05 12.4235
109.044 0.134914 8.56581e-05 12.2779
116.007 0.122095 7.71913e-05 12.1177
123.414 0.11022 6.94748e-05 11.9425
131.295 0.0992364 6.2447e-05 11.7521
139.678 0.089096 5.60511e-05 11.5463
148.597 0.0797526 5.02349e-05 11.325
158.085 0.0711619 4.49506e-05 11.0882
168.179 0.0632816 4.01541e-05 10.8359
178.918 0.0560715 3.58048e-05 10.5685
190.342 0.0494927 3.18654e-05 10.2862
202.496 0.0435078 2.83016e-05 9.98959
215.426 0.038081 2.50819e-05 9.67929
229.182 0.0331775 2.21772e-05 9.3561
243.815 0.0287637 1.95608e-05 9.021
259.384 0.0248071 1.7208e-05 8.67514
275.946 0.021276 1.50961e-05 8.31984
293.566 0.0181398 1.32043e-05 7.95659
312.311 0.0153687 1.15132e-05 7.58707
332.253 0.0129339 1.00051e-05 7.2131
353.468 0.0108074 8.66358e-06 6.83664
376.038 0.0089622 7.47346e-06 6.45979
400.048 0.0073721 6.4208e-06 6.08475
425.593 0.00601208 5.49268e-06 5.71379
452.768 0.00485815 4.6772e-06 5.3492
481.678 0.00388748 3.96336e-06 4.99331
512.435 0.00307848 3.341e-06 4.64835
545.155 0.00241087 2.80075e-06 4.3165
579.964 0.00186577 2.33397e-06 3.99978
616.996 0.00142573 1.9327e-06 3.7
656.393 0.00107482 1.58961e-06 3.41876
698.306 0.000798603 1.29798e-06 3.15737
742.894 0.000584215 1.05164e-06 2.91682
790.33 0.000420294 8.44959e-07 2.69776
840.795 0.000296962 6.72804e-07 2.50047
894.481 0.000205763 5.30518e-07 2.32486
951.596 0.000139568 4.13894e-07 2.1705
1012.36 9.24802e-05 3.19153e-07 2.03659
1077 5.97064e-05 2.4292e-07 1.92204
1145.77 3.74324e-05 1.82203e-07 1.82552
1218.93 2.26867e-05 1.34368e-07 1.74547
1296.76 1.32077e-05 9.71186e-08 1.6802
1379.56 7.31584e-06 6.847e-08 1.62797
1467.65 3.79692e-06 4.67264e-08 1.58702
1561.36 1.79748e-06 3.04549e-08 1.55566
1661.06 7.35754e-07 1.84574e-08 1.53231
1767.12 2.28049e-07 9.73412e-09 1.51558
1879.96 3.12108e-08 3.41125e-09 1.50436
