3796802 2.26991e+06
0.1 41.9155 0.686798 1
0.106385 39.3997 0.630764 1
0.113178 37.0348 0.579301 1
0.120405 34.8118 0.532036 1
0.128093 32.7221 0.488627 1
0.136272 30.7578 0.448759 1
0.144974 28.9114 0.412144 1
0.15423 27.1758 0.378516 1
0.164078 25.5443 0.347631 1
0.174555 24.0107 0.319266 1
0.185701 22.5691 0.293215 1
0.197559 21.214 0.269289 1
0.210173 19.9402 0.247316 1
0.223593 18.7429 0.227135 1
0.23787 17.6173 0.2086 1
0.253059 16.5594 0.191578 1
0.269217 15.5649 0.175944 1
0.286408 14.6301 0.161586 1
0.304695 13.7513 0.148399 1
0.324151 12.9253 0.136288 1
0.344849 12.1489 0.125166 1
0.366868 11.4191 0.11495 1
0.390294 10.733 0.105569 1
0.415215 10.0882 0.0969524 1
0.441728 9.48197 0.0890391 1
0.469933 8.91217 0.0817715 1
0.499939 8.37656 0.0750969 1
0.531862 7.87309 0.0689669 1
0.565823 7.39983 0.063337 1
0.601952 6.95498 0.0581665 1
0.640388 6.53681 0.0534179 1
0.681278 6.14375 0.0490568 1
0.72478 5.77427 0.0450516 1
0.771059 5.42696 0.0413732 1
0.820293 5.1005 0.0379949 1
0.872671 4.79363 0.0348923 1
0.928393 4.50517 0.0320429 1
0.987673 4.23402 0.029426 1
1.05074 3.97915 0.0270227 1
1.11783 3.73957 0.0248155 1
1.18921 3.51437 0.0227885 1
1.26514 3.30269 0.0209269 1
1.34592 3.10371 0.0192172 1
1.43186 2.91667 0.017647 1
1.52329 2.74085 0.016205 1
1.62056 2.57559 0.0148807 1
1.72404 2.42024 0.0136645 1
1.83412 2.27422 0.0125476 1
1.95123 2.13696 0.0115218 1
2.07582 2.00794 0.0105798 1
2.20837 1.88666 0.00971463 1
2.34938 1.77267 0.00892013 1
2.49939 1.66551 0.00819049 1
2.65899 1.56478 0.00752042 1
2.82877 1.4701 0.00690506 1
3.00939 1.3811 0.00633995 1
3.20155 1.29745 0.00582098 1
3.40598 1.21881 0.00534439 1
3.62346 1.1449 0.00490673 1
3.85483 1.07542 0.00450481 1
4.10097 1.01011 0.00413571 1
4.36282 0.948719 0.00379677 1
4.6414 0.891015 0.00348551 1
4.93777 0.836774 0.00319968 1
5.25306 0.785789 0.00293721 1
5.58848 0.737865 0.00269618 1
5.94532 0.692817 0.00247485 1
6.32494 0.650474 0.0022716 1
6.7288 0.610672 0.00208497 4.395
7.15845 0.573657 0.00191426 4.42378
7.61554 0.539189 0.00175802 4.45397
8.10181 0.507056 0.00161496 4.4855
8.61913 0.477065 0.00148388 4.51832
9.16948 0.449042 0.00136375 4.55239
9.75498 0.422829 0.00125358 4.58764
10.3779 0.398285 0.00115251 4.62402
11.0405 0.375282 0.00105975 4.66148
11.7455 0.353701 0.000974593 4.69996
12.4955 0.333438 0.000896378 4.7394
13.2933 0.314397 0.000824521 4.77975
14.1421 0.29649 0.000758483 4.82096
15.0451 0.279637 0.000697778 4.86295
16.0058 0.263765 0.000641959 4.90568
17.0278 0.248809 0.000590623 4.94909
18.1151 0.234706 0.000543398 4.9931
19.2718 0.221401 0.000499948 5.03766
20.5023 0.208844 0.000459964 5.08271
21.8115 0.196985 0.000423165 5.12817
23.2042 0.185783 0.000389291 5.17398
24.6858 0.175197 0.000358107 5.22008
26.2621 0.165189 0.000329397 5.26637
27.939 0.155726 0.000302962 5.3128
29.723 0.146775 0.00027862 5.35928
31.6209 0.138308 0.000256205 5.40574
33.6399 0.130295 0.000235563 5.45208
35.7879 0.122712 0.000216554 5.49821
38.0731 0.115535 0.000199048 5.54406
40.5041 0.108741 0.000182926 5.58952
43.0904 0.102309 0.00016808 5.63449
45.8419 0.0962206 0.000154408 5.67886
48.769 0.0904563 0.000141819 5.72254
51.883 0.0849992 0.000130227 5.76539
55.1959 0.0798332 0.000119554 5.8073
58.7203 0.074943 0.000109728 5.84815
62.4697 0.0703142 0.000100682 5.88781
66.4586 0.0659334 9.23554e-05 5.92612
70.7021 0.0617878 8.46915e-05 5.96296
75.2166 0.0578654 7.76384e-05 5.99816
80.0194 0.054155 7.11484e-05 6.03158
85.1288 0.0506457 6.51772e-05 6.06303
90.5645 0.0473275 5.96843e-05 6.09235
96.3473 0.0441909 5.46322e-05 6.11936
102.499 0.0412267 4.99862e-05 6.14388
109.044 0.0384264 4.57146e-05 6.16569
116.007 0.035782 4.17879e-05 6.18462
123.414 0.0332857 3.81792e-05 6.20043
131.295 0.0309304 3.48633e-05 6.21292
139.678 0.0287091 3.18174e-05 6.22187
148.597 0.0266153 2.90201e-05 6.22705
158.085 0.0246428 2.64519e-05 6.22822
168.179 0.0227859 2.40948e-05 6.22514
178.918 0.0210388 2.19321e-05 6.21759
190.342 0.0193964 1.99485e-05 6.20531
202.496 0.0178537 1.81297e-05 6.18807
215.426 0.0164059 1.64629e-05 6.16563
229.182 0.0150485 1.49359e-05 6.13774
243.815 0.0137772 1.35377e-05 6.10418
259.384 0.0125879 1.2258e-05 6.06472
275.946 0.0114767 1.10874e-05 6.01916
293.566 0.0104399 1.00172e-05 5.9673
312.311 0.00947391 9.03947e-06 5.90896
332.253 0.00857542 8.14676e-06 5.84398
353.468 0.00774114 7.33226e-06 5.77224
376.038 0.00696793 6.58971e-06 5.69363
400.048 0.00625282 5.91332e-06 5.60808
425.593 0.00559289 5.29773e-06 5.51557
452.768 0.00498536 4.73804e-06 5.41611
481.678 0.00442753 4.22971e-06 5.30978
512.435 0.00391677 3.76853e-06 5.19668
545.155 0.00345053 3.35065e-06 5.07699
579.964 0.00302632 2.97251e-06 4.95095
616.996 0.00264172 2.6308e-06 4.81885
656.393 0.00229436 2.32249e-06 4.68106
698.306 0.0019819 2.04476e-06 4.53799
742.894 0.00170207 1.79502e-06 4.39014
790.33 0.00145265 1.57087e-06 4.23805
840.795 0.00123142 1.37007e-06 4.0823
894.481 0.00103626 1.19056e-06 3.92353
951.596 0.000865053 1.03043e-06 3.76239
1012.36 0.000715756 8.87885e-07 3.5995
1077 0.00058637 7.6127e-07 3.43548
1145.77 0.000474958 6.49022e-07 3.27084
1218.93 0.000379649 5.4967e-07 3.10595
1296.76 0.000298646 4.61815e-07 2.94095
1379.56 0.000230231 3.84105e-07 2.77562
1467.65 0.000172775 3.15201e-07 2.60918
1561.36 0.000124745 2.5371e-07 2.43993
1661.06 8.47132e-05 1.98052e-07 2.26463
1767.12 5.13594e-05 1.46081e-07 2.07672
1879.96 2.34816e-05 9.35676e-08 1.86039
