2207832 1.31995e+06
0.1 117.582 1.1503 1
0.106385 110.525 1.05645 1
0.113178 103.891 0.970258 1
0.120405 97.6543 0.891094 1
0.128093 91.7922 0.818389 1
0.136272 86.2818 0.751614 1
0.144974 81.1019 0.690287 1
0.15423 76.2328 0.633963 1
0.164078 71.6559 0.582234 1
0.174555 67.3535 0.534725 1
0.185701 63.3092 0.491092 1
0.197559 59.5076 0.451018 1
0.210173 55.934 0.414214 1
0.223593 52.5749 0.380412 1
0.23787 49.4173 0.349368 1
0.253059 46.4491 0.320857 1
0.269217 43.659 0.294672 1
0.286408 41.0364 0.270623 1
0.304695 38.5711 0.248536 1
0.324151 36.2537 0.228252 1
0.344849 34.0754 0.209622 1
0.366868 32.0277 0.192512 1
0.390294 30.103 0.176799 1
0.415215 28.2937 0.162367 1
0.441728 26.593 0.149113 1
0.469933 24.9943 0.13694 1
0.499939 23.4916 0.125761 1
0.531862 22.079 0.115494 1
0.565823 20.7512 0.106064 1
0.601952 19.5031 0.0974041 1
0.640388 18.3299 0.0894507 1
0.681278 17.2271 0.0821464 1
0.72478 16.1904 0.0754381 1
0.771059 15.216 0.0692772 1
0.820293 14.3 0.063619 1
0.872671 13.439 0.0584227 1
0.928393 12.6297 0.0536504 1
0.987673 11.8689 0.0492675 1
1.05074 11.1538 0.0452424 1
1.11783 10.4816 0.0415458 1
1.18921 9.84976 0.0381509 1
1.26514 9.25582 0.035033 1
1.34592 8.69753 0.0321697 1
1.43186 8.17274 0.0295401 1
1.52329 7.67944 0.0271251 1
1.62056 7.21575 0.0249073 1
1.72404 6.77989 0.0228705 1
1.83412 6.37018 0.021 1
1.95123 5.98506 0.0192822 1
2.07582 5.62306 0.0177046 1
2.20837 5.28278 0.0162559 1
2.34938 4.96293 0.0149254 1
2.49939 4.66227 0.0137036 1
2.65899 4.37966 0.0125816 1
2.82877 4.114 0.0115512 1
3.00939 3.8643 0.0106049 1
3.20155 3.62958 0.00973597 1
3.40598 3.40895 0.008938 1
3.62346 3.20156 0.00820521 1
3.85483 3.00662 0.00753229 1
4.10097 2.82338 0.00691435 1
4.36282 2.65114 0.0063469 1
4.6414 2.48924 0.00582583 1
4.93777 2.33706 0.00534734 1
5.25306 2.19402 0.00490797 1
5.58848 2.05956 0.00450451 1
5.94532 1.93318 0.00413404 1
6.32494 1.81439 0.00379387 1
6.7288 1.70272 0.00348152 7.23507
7.15845 1.59816 0.00319511 7.28883
7.61554 1.50021 0.00293244 7.34359
8.10181 1.4084 0.00269151 7.39926
8.61913 1.32232 0.00247047 7.45579
9.16948 1.24158 0.00226766 7.51311
9.75498 1.16582 0.00208154 7.57115
10.3779 1.09471 0.00191072 7.62984
11.0405 1.02793 0.00175391 7.68911
11.7455 0.965214 0.00160997 7.74888
12.4955 0.906287 0.0014778 7.80906
13.2933 0.850908 0.00135645 7.86958
14.1421 0.79885 0.00124501 7.93034
15.0451 0.749903 0.00114267 7.99125
16.0058 0.703871 0.00104869 8.05221
17.0278 0.660571 0.000962359 8.11313
18.1151 0.619835 0.000883068 8.17389
19.2718 0.581503 0.000810235 8.23438
20.5023 0.545429 0.000743332 8.29448
21.8115 0.511476 0.000681875 8.35407
23.2042 0.479515 0.00062542 8.41302
24.6858 0.449426 0.00057356 8.47118
26.2621 0.421097 0.00052592 8.52841
27.939 0.394425 0.000482158 8.58456
29.723 0.36931 0.000441959 8.63946
31.6209 0.345662 0.000405033 8.69294
33.6399 0.323394 0.000371116 8.74483
35.7879 0.302426 0.000339963 8.79493
38.0731 0.282683 0.000311351 8.84304
40.5041 0.264094 0.000285075 8.88895
43.0904 0.246592 0.000260945 8.93244
45.8419 0.230116 0.000238787 8.97328
48.769 0.214608 0.000218443 9.01123
51.883 0.200011 0.000199766 9.04603
55.1959 0.186276 0.000182622 9.07742
58.7203 0.173353 0.000166885 9.10511
62.4697 0.161198 0.000152444 9.12883
66.4586 0.149767 0.000139193 9.14827
70.7021 0.13902 0.000127036 9.16312
75.2166 0.128919 0.000115885 9.17305
80.0194 0.11943 0.000105658 9.17774
85.1288 0.110519 9.62816e-05 9.17685
90.5645 0.102154 8.76862e-05 9.17002
96.3473 0.0943057 7.98089e-05 9.15689
102.499 0.0869464 7.25917e-05 9.13712
109.044 0.0800498 6.59811e-05 9.11033
116.007 0.0735913 5.99282e-05 9.07615
123.414 0.0675475 5.43878e-05 9.03422
131.295 0.0618966 4.93184e-05 8.98418
139.678 0.0566177 4.46818e-05 8.92568
148.597 0.0516914 4.04429e-05 8.85837
158.085 0.0470992 3.65695e-05 8.78192
168.179 0.0428236 3.30318e-05 8.69604
178.918 0.038848 2.98026e-05 8.60044
190.342 0.0351568 2.68567e-05 8.49487
202.496 0.0317349 2.41711e-05 8.37912
215.426 0.0285683 2.17244e-05 8.25303
229.182 0.0256434 1.94972e-05 8.11648
243.815 0.0229472 1.74714e-05 7.96942
259.384 0.0204675 1.56306e-05 7.81185
275.946 0.0181924 1.39594e-05 7.64387
293.566 0.0161106 1.24439e-05 7.46563
312.311 0.014211 1.10711e-05 7.2774
332.253 0.0124831 9.82918e-06 7.07954
353.468 0.0109166 8.70721e-06 6.8725
376.038 0.0095016 7.69508e-06 6.65685
400.048 0.00822851 6.7835e-06 6.43328
425.593 0.00708794 5.96392e-06 6.20258
452.768 0.00607077 5.22844e-06 5.96567
481.678 0.00516812 4.56979e-06 5.72358
512.435 0.00437138 3.98123e-06 5.47745
545.155 0.00367213 3.45658e-06 5.22855
579.964 0.00306224 2.9901e-06 4.9782
616.996 0.00253381 2.57651e-06 4.72784
656.393 0.00207922 2.21092e-06 4.47896
698.306 0.00169115 1.88883e-06 4.23308
742.894 0.00136258 1.60606e-06 3.99177
790.33 0.00108684 1.35876e-06 3.75655
840.795 0.000857618 1.14337e-06 3.52892
894.481 0.000669001 9.566e-07 3.31032
951.596 0.000515476 7.95426e-07 3.10205
1012.36 0.000391964 6.57049e-07 2.9053
1077 0.00029383 5.38891e-07 2.72106
1145.77 0.00021689 4.38582e-07 2.55011
1218.93 0.000157413 3.53941e-07 2.39297
1296.76 0.000112117 2.8296e-07 2.24988
1379.56 7.81485e-05 2.23784e-07 2.12072
1467.65 5.30663e-05 1.74685e-07 2.00492
1561.36 3.48089e-05 1.3402e-07 1.90137
1661.06 2.166e-05 1.00146e-07 1.80803
1767.12 1.22077e-05 7.12197e-08 1.7213
1879.96 5.3003e-06 4.44541e-08 1.6336
