1438436 859966
0.1 233.687 1.62166 1
0.106385 219.661 1.48935 1
0.113178 206.475 1.36783 1
0.120405 194.081 1.25623 1
0.128093 182.43 1.15373 1
0.136272 171.477 1.05959 1
0.144974 161.182 0.973133 1
0.15423 151.504 0.893727 1
0.164078 142.407 0.820799 1
0.174555 133.855 0.75382 1
0.185701 125.816 0.692305 1
0.197559 118.26 0.635809 1
0.210173 111.157 0.583921 1
0.223593 104.479 0.536267 1
0.23787 98.2029 0.4925 1
0.253059 92.3029 0.452304 1
0.269217 86.7568 0.415388 1
0.286408 81.5435 0.381483 1
0.304695 76.6429 0.350344 1
0.324151 72.0363 0.321746 1
0.344849 67.7061 0.295482 1
0.366868 63.6357 0.27136 1
0.390294 59.8095 0.249206 1
0.415215 56.2128 0.22886 1
0.441728 52.832 0.210174 1
0.469933 49.654 0.193013 1
0.499939 46.6666 0.177252 1
0.531862 43.8585 0.162778 1
0.565823 41.2189 0.149484 1
0.601952 38.7377 0.137275 1
0.640388 36.4053 0.126063 1
0.681278 34.2129 0.115765 1
0.72478 32.1521 0.106308 1
0.771059 30.2149 0.0976227 1
0.820293 28.3939 0.0896462 1
0.872671 26.6822 0.0823207 1
0.928393 25.0733 0.0755931 1
0.987673 23.5608 0.0694146 1
1.05074 22.1392 0.0637404 1
1.11783 20.8028 0.0585293 1
1.18921 19.5466 0.0537437 1
1.26514 18.3659 0.0493487 1
1.34592 17.2559 0.0453125 1
1.43186 16.2126 0.0416058 1
1.52329 15.2319 0.0382018 1
1.62056 14.31 0.0350756 1
1.72404 13.4435 0.0322048 1
1.83412 12.629 0.0295683 1
1.95123 11.8633 0.0271472 1
2.07582 11.1436 0.0249238 1
2.20837 10.4671 0.0228819 1
2.34938 9.83123 0.0210069 1
2.49939 9.23349 0.019285 1
2.65899 8.67164 0.0177038 1
2.82877 8.14351 0.0162517 1
3.00939 7.64708 0.0149183 1
3.20155 7.18044 0.0136939 1
3.40598 6.74182 0.0125695 1
3.62346 6.32953 0.011537 1
3.85483 5.94199 0.010589 1
4.10097 5.57772 0.0097184 1
4.36282 5.23532 0.00891901 1
4.6414 4.91348 0.00818499 1
4.93777 4.61096 0.00751101 1
5.25306 4.32661 0.00689216 1
5.58848 4.05934 0.00632394 1
5.94532 3.80812 0.00580222 1
6.32494 3.57199 0.0053232 1
6.7288 3.35005 0.00488339 10.5049
7.15845 3.14184 0.00447989 10.5845
7.61554 2.94647 0.00410965 10.6646
8.10181 2.76311 0.00376991 10.7451
8.61913 2.59098 0.00345815 10.8259
9.16948 2.42937 0.00317203 10.9069
9.75498 2.27761 0.00290943 10.9879
10.3779 2.13508 0.00266842 11.0689
11.0405 2.00119 0.0024472 11.1496
11.7455 1.8754 0.00224415 11.2301
12.4955 1.75721 0.00205777 11.31
13.2933 1.64615 0.00188668 11.3894
14.1421 1.54178 0.00172962 11.4679
15.0451 1.44368 0.00158546 11.5455
16.0058 1.35147 0.00145312 11.6219
17.0278 1.26479 0.00133164 11.697
18.1151 1.1833 0.00122012 11.7705
19.2718 1.1067 0.00111776 11.8423
20.5023 1.03469 0.00102381 11.9121
21.8115 0.966986 0.000937567 11.9796
23.2042 0.903338 0.000858413 12.0447
24.6858 0.843502 0.000785765 12.107
26.2621 0.787252 0.000719094 12.1662
27.939 0.734377 0.000657911 12.2222
29.723 0.684677 0.000601768 12.2744
31.6209 0.637967 0.000550255 12.3228
33.6399 0.594071 0.000502994 12.3667
35.7879 0.552825 0.000459638 12.406
38.0731 0.514076 0.00041987 12.4403
40.5041 0.47768 0.000383397 12.469
43.0904 0.443501 0.00034995 12.492
45.8419 0.411412 0.000319283 12.5086
48.769 0.381295 0.00029117 12.5185
51.883 0.353036 0.000265402 12.5212
55.1959 0.32653 0.000241788 12.5162
58.7203 0.30168 0.000220154 12.5031
62.4697 0.278393 0.000200336 12.4814
66.4586 0.25658 0.000182189 12.4505
70.7021 0.23616 0.000165574 12.41
75.2166 0.217057 0.000150368 12.3594
80.0194 0.199198 0.000136455 12.2981
85.1288 0.182514 0.000123729 12.2256
90.5645 0.166942 0.000112095 12.1415
96.3473 0.152421 0.000101462 12.0452
102.499 0.138893 9.17491e-05 11.9364
109.044 0.126306 8.28805e-05 11.8145
116.007 0.114609 7.47873e-05 11.6791
123.414 0.103753 6.74058e-05 11.53
131.295 0.0936931 6.06778e-05 11.3667
139.678 0.084386 5.45494e-05 11.1891
148.597 0.0757908 4.89713e-05 10.9969
158.085 0.0678686 4.38982e-05 10.79
168.179 0.0605822 3.92883e-05 10.5685
178.918 0.0538961 3.51033e-05 10.3324
190.342 0.0477763 3.1308e-05 10.0819
202.496 0.0421902 2.78697e-05 9.8173
215.426 0.0371063 2.47588e-05 9.53911
229.182 0.0324945 2.19477e-05 9.2479
243.815 0.0283255 1.94112e-05 8.94441
259.384 0.024571 1.71259e-05 8.62954
275.946 0.0212037 1.50704e-05 8.30437
293.566 0.0181968 1.32251e-05 7.97013
312.311 0.0155247 1.15715e-05 7.6282
332.253 0.0131623 1.00931e-05 7.28015
353.468 0.0110852 8.77419e-06 6.92768
376.038 0.00926982 7.60064e-06 6.57264
400.048 0.00769338 6.55921e-06 6.217
425.593 0.00633385 5.63775e-06 5.86283
452.768 0.00517007 4.82502e-06 5.51225
481.678 0.00418176 4.11063e-06 5.16745
512.435 0.00334962 3.48503e-06 4.83061
545.155 0.00265538 2.93935e-06 4.50386
579.964 0.00208187 2.46543e-06 4.18925
616.996 0.00161307 2.05575e-06 3.88872
656.393 0.00123416 1.70337e-06 3.604
698.306 0.000931613 1.40191e-06 3.33663
742.894 0.000693148 1.1455e-06 3.08788
790.33 0.000507795 9.2876e-07 2.85871
840.795 0.00036586 7.46785e-07 2.64977
894.481 0.0002589 5.95091e-07 2.46137
951.596 0.000179675 4.69612e-07 2.29347
1012.36 0.00012207 3.66673e-07 2.14567
1077 8.10177e-05 2.82972e-07 2.01728
1145.77 5.23906e-05 2.15555e-07 1.9073
1218.93 3.28968e-05 1.61803e-07 1.81447
1296.76 1.99662e-05 1.19409e-07 1.73736
1379.56 1.16376e-05 8.63576e-08 1.67439
1467.65 6.45113e-06 6.09066e-08 1.62391
1561.36 3.34818e-06 4.15652e-08 1.58426
1661.06 1.58267e-06 2.70707e-08 1.55384
1767.12 6.43818e-07 1.63555e-08 1.53112
1879.96 1.91216e-07 8.44353e-09 1.51459
