2040572 1.21995e+06
0.1 134.136 1.22861 1
0.106385 126.085 1.12837 1
0.113178 118.517 1.03631 1
0.120405 111.402 0.951755 1
0.128093 104.715 0.8741 1
0.136272 98.4287 0.80278 1
0.144974 92.5195 0.737277 1
0.15423 86.9648 0.677119 1
0.164078 81.7434 0.621868 1
0.174555 76.8352 0.571124 1
0.185701 72.2215 0.524521 1
0.197559 67.8846 0.481719 1
0.210173 63.8079 0.442409 1
0.223593 59.9757 0.406306 1
0.23787 56.3735 0.373148 1
0.253059 52.9874 0.342696 1
0.269217 49.8044 0.314728 1
0.286408 46.8125 0.289042 1
0.304695 44 0.265452 1
0.324151 41.3563 0.243786 1
0.344849 38.8712 0.223888 1
0.366868 36.5352 0.205613 1
0.390294 34.3394 0.18883 1
0.415215 32.2754 0.173416 1
0.441728 30.3352 0.159259 1
0.469933 28.5114 0.146258 1
0.499939 26.797 0.134317 1
0.531862 25.1855 0.123351 1
0.565823 23.6707 0.11328 1
0.601952 22.2468 0.10403 1
0.640388 20.9084 0.0955354 1
0.681278 19.6502 0.0877338 1
0.72478 18.4676 0.0805688 1
0.771059 17.3559 0.0739885 1
0.820293 16.311 0.0679452 1
0.872671 15.3287 0.0623951 1
0.928393 14.4054 0.057298 1
0.987673 13.5375 0.0526168 1
1.05074 12.7217 0.0483177 1
1.11783 11.9548 0.0443695 1
1.18921 11.234 0.0407435 1
1.26514 10.5564 0.0374134 1
1.34592 9.91946 0.0343552 1
1.43186 9.32076 0.0315467 1
1.52329 8.75799 0.0289673 1
1.62056 8.22899 0.0265986 1
1.72404 7.73174 0.0244232 1
1.83412 7.26433 0.0224254 1
1.95123 6.82498 0.0205907 1
2.07582 6.41199 0.0189059 1
2.20837 6.02378 0.0173586 1
2.34938 5.65888 0.0159376 1
2.49939 5.31588 0.0146327 1
2.65899 4.99346 0.0134343 1
2.82877 4.6904 0.0123338 1
3.00939 4.40552 0.0113233 1
3.20155 4.13774 0.0103952 1
3.40598 3.88604 0.00954297 1
3.62346 3.64945 0.00876037 1
3.85483 3.42705 0.0080417 1
4.10097 3.21801 0.00738176 1
4.36282 3.02151 0.00677575 1
4.6414 2.83681 0.00621927 1
4.93777 2.6632 0.00570827 1
5.25306 2.50002 0.00523905 1
5.58848 2.34663 0.00480819 1
5.94532 2.20245 0.00441257 1
6.32494 2.06692 0.0040493 1
6.7288 1.93954 0.00371574 7.7552
7.15845 1.8202 0.00340984 7.8133
7.61554 1.70836 0.00312927 7.87231
8.10181 1.6035 0.00287188 7.93218
8.61913 1.50515 0.00263573 7.99282
9.16948 1.41287 0.00241903 8.05416
9.75498 1.32627 0.00222016 8.11614
10.3779 1.24497 0.00203764 8.17868
11.0405 1.16862 0.0018701 8.24169
11.7455 1.09691 0.00171629 8.30509
12.4955 1.02953 0.00157508 8.36878
13.2933 0.966203 0.00144543 8.43268
14.1421 0.90668 0.00132638 8.49669
15.0451 0.850717 0.00121706 8.5607
16.0058 0.798092 0.00111667 8.62461
17.0278 0.748599 0.00102448 8.6883
18.1151 0.702043 0.000939805 8.75166
19.2718 0.658244 0.000862042 8.81455
20.5023 0.617035 0.000790621 8.87684
21.8115 0.578257 0.000725025 8.93839
23.2042 0.541765 0.000664778 8.99906
24.6858 0.507421 0.000609444 9.05869
26.2621 0.475096 0.000558624 9.1171
27.939 0.444672 0.000511949 9.17414
29.723 0.416035 0.000469084 9.22961
31.6209 0.38908 0.000429719 9.28332
33.6399 0.363709 0.000393569 9.33507
35.7879 0.33983 0.000360374 9.38465
38.0731 0.317355 0.000329894 9.43183
40.5041 0.296205 0.000301909 9.47636
43.0904 0.276301 0.000276217 9.51802
45.8419 0.257574 0.000252632 9.55652
48.769 0.239956 0.000230984 9.59161
51.883 0.223384 0.000211116 9.623
55.1959 0.207798 0.000192883 9.65038
58.7203 0.193144 0.000176154 9.67346
62.4697 0.179369 0.000160807 9.6919
66.4586 0.166425 0.00014673 9.70538
70.7021 0.154264 0.00013382 9.71355
75.2166 0.142844 0.000121983 9.71606
80.0194 0.132124 0.000111131 9.71254
85.1288 0.122065 0.000101186 9.70261
90.5645 0.112632 9.20734e-05 9.68591
96.3473 0.10379 8.37261e-05 9.66204
102.499 0.0955086 7.6082e-05 9.63062
109.044 0.0877564 6.90842e-05 9.59125
116.007 0.0805054 6.26803e-05 9.54354
123.414 0.0737289 5.68219e-05 9.48713
131.295 0.0674018 5.14649e-05 9.42162
139.678 0.0615002 4.65686e-05 9.34667
148.597 0.0560017 4.20953e-05 9.26193
158.085 0.050885 3.80108e-05 9.16708
168.179 0.04613 3.42833e-05 9.06183
178.918 0.0417176 3.08837e-05 8.94592
190.342 0.0376297 2.77852e-05 8.81915
202.496 0.033849 2.49632e-05 8.68134
215.426 0.0303592 2.2395e-05 8.5324
229.182 0.0271446 2.00598e-05 8.37227
243.815 0.0241902 1.79384e-05 8.20098
259.384 0.0214817 1.60131e-05 8.01866
275.946 0.0190051 1.42678e-05 7.8255
293.566 0.0167473 1.26874e-05 7.62179
312.311 0.0146953 1.12582e-05 7.40794
332.253 0.0128369 9.9675e-06 7.18448
353.468 0.0111598 8.80369e-06 6.95202
376.038 0.00965256 7.75596e-06 6.71133
400.048 0.00830371 6.81442e-06 6.46329
425.593 0.00710223 5.96993e-06 6.2089
452.768 0.0060374 5.21405e-06 5.94929
481.678 0.00509876 4.53902e-06 5.6857
512.435 0.00427618 3.93764e-06 5.4195
545.155 0.00355982 3.40331e-06 5.15213
579.964 0.00294016 2.92989e-06 4.88514
616.996 0.00240802 2.51174e-06 4.62011
656.393 0.00195459 2.14364e-06 4.3587
698.306 0.00157145 1.82076e-06 4.10255
742.894 0.00125059 1.53864e-06 3.8533
790.33 0.000984469 1.29318e-06 3.61253
840.795 0.000766016 1.08058e-06 3.38175
894.481 0.000588666 8.97328e-07 3.16233
951.596 0.000446387 7.40204e-07 2.9555
1012.36 0.000333685 6.06237e-07 2.7623
1077 0.00024562 4.92703e-07 2.58355
1145.77 0.000177804 3.97102e-07 2.41982
1218.93 0.000126387 3.17148e-07 2.2714
1296.76 8.80445e-05 2.5075e-07 2.13828
1379.56 5.99456e-05 1.95996e-07 2.02014
1467.65 3.97188e-05 1.51128e-07 1.91624
1561.36 2.54088e-05 1.14503e-07 1.82539
1661.06 1.54282e-05 8.45205e-08 1.74567
1767.12 8.50518e-06 5.94463e-08 1.67392
1879.96 3.6299e-06 3.67883e-08 1.6038
