7576878 4.52982e+06
0.1 0.376379 0.065081 1
0.106385 0.353775 0.0597701 1
0.113178 0.332516 0.0548915 1
0.120405 0.312521 0.0504101 1
0.128093 0.293716 0.0462936 1
0.136272 0.276031 0.0425123 1
0.144974 0.259399 0.039039 1
0.15423 0.243757 0.0358486 1
0.164078 0.229047 0.0329181 1
0.174555 0.215214 0.0302263 1
0.185701 0.202205 0.027754 1
0.197559 0.189971 0.0254831 1
0.210173 0.178467 0.0233973 1
0.223593 0.167649 0.0214816 1
0.23787 0.157477 0.0197221 1
0.253059 0.147911 0.018106 1
0.269217 0.138916 0.0166218 1
0.286408 0.130457 0.0152586 1
0.304695 0.122504 0.0140067 1
0.324151 0.115026 0.0128569 1
0.344849 0.107994 0.0118009 1
0.366868 0.101382 0.0108312 1
0.390294 0.0951647 0.00994059 1
0.415215 0.0893191 0.00912273 1
0.441728 0.0838227 0.00837168 1
0.469933 0.0786548 0.00768198 1
0.499939 0.0737958 0.00704863 1
0.531862 0.0692271 0.00646705 1
0.565823 0.0649316 0.00593301 1
0.601952 0.060893 0.00544263 1
0.640388 0.0570958 0.00499236 1
0.681278 0.0535257 0.00457893 1
0.72478 0.0501691 0.00419933 1
0.771059 0.0470133 0.0038508 1
0.820293 0.0440463 0.0035308 1
0.872671 0.0412568 0.00323702 1
0.928393 0.0386342 0.00296731 1
0.987673 0.0361686 0.0027197 1
1.05074 0.0338505 0.00249239 1
1.11783 0.0316711 0.00228373 1
1.18921 0.0296223 0.00209219 1
1.26514 0.027696 0.00191637 1
1.34592 0.0258851 0.00175499 1
1.43186 0.0241826 0.00160687 1
1.52329 0.0225821 0.00147092 1
1.62056 0.0210774 0.00134615 1
1.72404 0.0196629 0.00123165 1
1.83412 0.018333 0.00112657 1
1.95123 0.0170829 0.00103015 1
2.07582 0.0159076 0.000941678 1
2.20837 0.0148027 0.000860498 1
2.34938 0.0137641 0.000786016 1
2.49939 0.0127877 0.000717682 1
2.65899 0.0118698 0.000654992 1
2.82877 0.0110069 0.000597484 1
3.00939 0.0101957 0.000544731 1
3.20155 0.0094332 0.000496342 1
3.40598 0.0087164 0.000451959 1
3.62346 0.00804257 0.00041125 1
3.85483 0.00740916 0.000373914 1
4.10097 0.00681375 0.000339672 1
4.36282 0.00625405 0.000308266 1
4.6414 0.00572794 0.000279462 1
4.93777 0.00523341 0.000253043 1
5.25306 0.00476855 0.00022881 1
5.58848 0.00433161 0.000206578 1
5.94532 0.00392091 0.00018618 1
6.32494 0.00353488 0.000167458 1
6.7288 0.00317205 0.000150268 1.58683
7.15845 0.00322747 0.000143584 1.59249
7.61554 0.00360573 0.000143764 1.60485
8.10181 0.00422652 0.000147443 1.62273
8.61913 0.00502257 0.000152256 1.64499
9.16948 0.00593793 0.000156822 1.67069
9.75498 0.00692638 0.000160443 1.69915
10.3779 0.00795011 0.00016283 1.72988
11.0405 0.00897847 0.000163918 1.76249
11.7455 0.009987 0.000163766 1.79672
12.4955 0.0109565 0.000162487 1.83233
13.2933 0.0118721 0.000160223 1.86915
14.1421 0.0127228 0.00015712 1.90705
15.0451 0.0135008 0.00015332 1.94589
16.0058 0.0142008 0.000148955 1.98559
17.0278 0.0148198 0.000144144 2.02604
18.1151 0.0153565 0.000138996 2.06718
19.2718 0.0158112 0.000133603 2.10894
20.5023 0.0161853 0.000128048 2.15124
21.8115 0.0164811 0.000122401 2.19405
23.2042 0.0167017 0.000116721 2.23729
24.6858 0.0168506 0.00011106 2.28093
26.2621 0.016932 0.000105459 2.32491
27.939 0.0169501 9.99525e-05 2.3692
29.723 0.0169094 9.45692e-05 2.41374
31.6209 0.0168143 8.93314e-05 2.4585
33.6399 0.0166695 8.42567e-05 2.50343
35.7879 0.0164794 7.93583e-05 2.5485
38.0731 0.0162484 7.46459e-05 2.59366
40.5041 0.0159808 7.0126e-05 2.63888
43.0904 0.0156807 6.58024e-05 2.6841
45.8419 0.0153521 6.16767e-05 2.7293
48.769 0.0149986 5.77486e-05 2.77443
51.883 0.0146238 5.40163e-05 2.81944
55.1959 0.014231 5.04767e-05 2.86429
58.7203 0.0138232 4.71256e-05 2.90893
62.4697 0.0134035 4.39582e-05 2.95333
66.4586 0.0129743 4.09687e-05 2.99742
70.7021 0.0125383 3.81512e-05 3.04116
75.2166 0.0120976 3.54991e-05 3.08449
80.0194 0.0116543 3.30057e-05 3.12735
85.1288 0.0112103 3.06644e-05 3.1697
90.5645 0.0107674 2.84681e-05 3.21145
96.3473 0.0103269 2.64099e-05 3.25256
102.499 0.00989033 2.44831e-05 3.29295
109.044 0.00945889 2.26809e-05 3.33255
116.007 0.00903367 2.09967e-05 3.37129
123.414 0.00861562 1.94241e-05 3.40908
131.295 0.00820557 1.79569e-05 3.44583
139.678 0.00780425 1.6589e-05 3.48147
148.597 0.00741227 1.53147e-05 3.5159
158.085 0.00703016 1.41285e-05 3.54902
168.179 0.00665836 1.30249e-05 3.58073
178.918 0.00629723 1.1999e-05 3.61092
190.342 0.00594704 1.10458e-05 3.63948
202.496 0.00560803 1.01609e-05 3.66628
215.426 0.00528033 9.33978e-06 3.69121
229.182 0.00496407 8.57835e-06 3.71413
243.815 0.0046593 7.8727e-06 3.7349
259.384 0.00436602 7.21913e-06 3.75339
275.946 0.00408422 6.61417e-06 3.76945
293.566 0.00381383 6.05453e-06 3.78292
312.311 0.00355477 5.53712e-06 3.79364
332.253 0.00330691 5.05904e-06 3.80144
353.468 0.00307012 4.61757e-06 3.80616
376.038 0.00284423 4.21014e-06 3.80761
400.048 0.00262906 3.83436e-06 3.80562
425.593 0.00242442 3.48799e-06 3.8
452.768 0.0022301 3.16893e-06 3.79055
481.678 0.00204588 2.87521e-06 3.77708
512.435 0.00187152 2.60499e-06 3.75938
545.155 0.0017068 2.35656e-06 3.73726
579.964 0.00155146 2.12832e-06 3.7105
616.996 0.00140526 1.91877e-06 3.67888
656.393 0.00126793 1.72651e-06 3.6422
698.306 0.00113921 1.55025e-06 3.60023
742.894 0.00101883 1.38877e-06 3.55274
790.33 0.000906522 1.24093e-06 3.49949
840.795 0.000802015 1.10568e-06 3.44025
894.481 0.000705029 9.8202e-07 3.37474
951.596 0.000615285 8.69028e-07 3.3027
1012.36 0.0005325 7.65834e-07 3.2238
1077 0.000456392 6.71618e-07 3.13769
1145.77 0.000386675 5.85605e-07 3.04397
1218.93 0.000323063 5.07054e-07 2.94212
1296.76 0.00026527 4.35245e-07 2.83149
1379.56 0.000213011 3.69461e-07 2.71119
1467.65 0.000166001 3.0896e-07 2.57999
1561.36 0.000123958 2.52909e-07 2.43598
1661.06 8.66064e-05 2.00253e-07 2.27598
1767.12 5.36719e-05 1.49333e-07 2.0939
1879.96 2.48891e-05 9.6331e-08 1.87465
