3629542 2.16991e+06
0.1 46.2543 0.721469 1
0.106385 43.478 0.662606 1
0.113178 40.8683 0.608545 1
0.120405 38.4152 0.558894 1
0.128093 36.1092 0.513293 1
0.136272 33.9416 0.471413 1
0.144974 31.9041 0.43295 1
0.15423 29.9888 0.397624 1
0.164078 28.1884 0.36518 1
0.174555 26.496 0.335383 1
0.185701 24.9052 0.308017 1
0.197559 23.4099 0.282883 1
0.210173 22.0042 0.2598 1
0.223593 20.6829 0.238601 1
0.23787 19.4409 0.21913 1
0.253059 18.2734 0.201249 1
0.269217 17.176 0.184826 1
0.286408 16.1444 0.169743 1
0.304695 15.1747 0.15589 1
0.324151 14.2632 0.143168 1
0.344849 13.4064 0.131484 1
0.366868 12.601 0.120753 1
0.390294 11.844 0.110898 1
0.415215 11.1323 0.101846 1
0.441728 10.4634 0.0935336 1
0.469933 9.8346 0.0858991 1
0.499939 9.24355 0.0788875 1
0.531862 8.68796 0.0724481 1
0.565823 8.16571 0.066534 1
0.601952 7.67481 0.0611025 1
0.640388 7.21336 0.0561142 1
0.681278 6.7796 0.0515329 1
0.72478 6.37188 0.0473255 1
0.771059 5.98862 0.0434614 1
0.820293 5.62836 0.0399126 1
0.872671 5.28972 0.0366534 1
0.928393 4.9714 0.0336601 1
0.987673 4.67219 0.0309112 1
1.05074 4.39093 0.0283865 1
1.11783 4.12655 0.0260679 1
1.18921 3.87804 0.0239385 1
1.26514 3.64444 0.0219829 1
1.34592 3.42486 0.0201869 1
1.43186 3.21846 0.0185375 1
1.52329 3.02445 0.0170227 1
1.62056 2.84208 0.0156316 1
1.72404 2.67065 0.014354 1
1.83412 2.50951 0.0131807 1
1.95123 2.35804 0.0121031 1
2.07582 2.21567 0.0111135 1
2.20837 2.08184 0.0102047 1
2.34938 1.95604 0.00937014 1
2.49939 1.83779 0.00860367 1
2.65899 1.72663 0.00789978 1
2.82877 1.62215 0.00725337 1
3.00939 1.52394 0.00665973 1
3.20155 1.43162 0.00611457 1
3.40598 1.34485 0.00561393 1
3.62346 1.26328 0.00515417 1
3.85483 1.18661 0.00473197 1
4.10097 1.11454 0.00434424 1
4.36282 1.0468 0.00398819 1
4.6414 0.983119 0.00366123 1
4.93777 0.923264 0.00336098 1
5.25306 0.867001 0.00308526 1
5.58848 0.814116 0.00283206 1
5.94532 0.764405 0.00259956 1
6.32494 0.717679 0.00238607 1
6.7288 0.673757 0.00219002 4.59109
7.15845 0.632869 0.00201063 4.62166
7.61554 0.594762 0.0018464 4.6536
8.10181 0.559207 0.00169597 4.68685
8.61913 0.526 0.00155813 4.72135
9.16948 0.494954 0.00143177 4.75705
9.75498 0.4659 0.00131588 4.79391
10.3779 0.438686 0.00120955 4.83186
11.0405 0.413171 0.00111197 4.87085
11.7455 0.389232 0.00102237 4.91082
12.4955 0.366751 0.00094009 4.95172
13.2933 0.345626 0.000864501 4.99349
14.1421 0.32576 0.000795041 5.03608
15.0451 0.307065 0.000731198 5.07941
16.0058 0.289463 0.000672505 5.12344
17.0278 0.27288 0.000618534 5.16811
18.1151 0.257249 0.000568896 5.21334
19.2718 0.242508 0.000523236 5.25907
20.5023 0.2286 0.000481229 5.30524
21.8115 0.215473 0.000442577 5.35178
23.2042 0.203079 0.000407009 5.39861
24.6858 0.191372 0.000374274 5.44567
26.2621 0.180312 0.000344145 5.49287
27.939 0.16986 0.000316412 5.54015
29.723 0.15998 0.000290883 5.58741
31.6209 0.150639 0.000267383 5.63457
33.6399 0.141806 0.000245748 5.68154
35.7879 0.133452 0.000225832 5.72823
38.0731 0.125551 0.000207497 5.77455
40.5041 0.118077 0.000190618 5.82038
43.0904 0.111007 0.000175079 5.86563
45.8419 0.104319 0.000160775 5.91017
48.769 0.097992 0.000147609 5.95391
51.883 0.0920065 0.000135489 5.9967
55.1959 0.0863445 0.000124334 6.03844
58.7203 0.0809887 0.000114068 6.07896
62.4697 0.0759231 0.000104621 6.11815
66.4586 0.0711326 9.59277e-05 6.15585
70.7021 0.0666027 8.79295e-05 6.1919
75.2166 0.06232 8.05714e-05 6.22615
80.0194 0.0582719 7.38032e-05 6.25842
85.1288 0.0544462 6.75785e-05 6.28854
90.5645 0.0508316 6.18544e-05 6.31632
96.3473 0.0474175 5.65915e-05 6.34157
102.499 0.0441937 5.17537e-05 6.36409
109.044 0.0411506 4.73073e-05 6.38368
116.007 0.0382792 4.32215e-05 6.40011
123.414 0.0355709 3.9468e-05 6.41317
131.295 0.0330177 3.60204e-05 6.42263
139.678 0.0306118 3.28548e-05 6.42826
148.597 0.028346 2.99488e-05 6.42981
158.085 0.0262134 2.72819e-05 6.42704
168.179 0.0242076 2.48352e-05 6.41971
178.918 0.0223223 2.25912e-05 6.40756
190.342 0.0205517 2.0534e-05 6.39034
202.496 0.0188903 1.86486e-05 6.36782
215.426 0.0173327 1.69215e-05 6.33973
229.182 0.015874 1.53401e-05 6.30584
243.815 0.0145095 1.38928e-05 6.26592
259.384 0.0132345 1.25689e-05 6.21974
275.946 0.0120448 1.13585e-05 6.1671
293.566 0.0109363 1.02526e-05 6.10781
312.311 0.00990498 9.24283e-06 6.04171
332.253 0.00894717 8.32147e-06 5.96864
353.468 0.00805926 7.48141e-06 5.8885
376.038 0.00723777 6.7161e-06 5.80121
400.048 0.00647939 6.0195e-06 5.70673
425.593 0.00578091 5.38605e-06 5.60507
452.768 0.00513924 4.81061e-06 5.49628
481.678 0.00455137 4.28845e-06 5.38049
512.435 0.00401439 3.81521e-06 5.25785
545.155 0.00352548 3.38685e-06 5.1286
579.964 0.00308186 2.99966e-06 4.99305
616.996 0.00268085 2.65021e-06 4.85155
656.393 0.00231981 2.33534e-06 4.70454
698.306 0.00199615 2.0521e-06 4.55254
742.894 0.00170735 1.7978e-06 4.39612
790.33 0.00145093 1.56994e-06 4.2359
840.795 0.00122447 1.36619e-06 4.07258
894.481 0.00102559 1.18441e-06 3.90687
951.596 0.000851975 1.02261e-06 3.73953
1012.36 0.000701373 8.78919e-07 3.57128
1077 0.000571596 7.51619e-07 3.40283
1145.77 0.000460528 6.39087e-07 3.23479
1218.93 0.000366136 5.39799e-07 3.06761
1296.76 0.000286473 4.52305e-07 2.90152
1379.56 0.000219691 3.7521e-07 2.73638
1467.65 0.000164045 3.07134e-07 2.57149
1561.36 0.000117902 2.46653e-07 2.40524
1661.06 7.97496e-05 1.92162e-07 2.23446
1767.12 4.81987e-05 1.41514e-07 2.05281
1879.96 2.19904e-05 9.05479e-08 1.84496
