1856586 1.10996e+06
0.1 156.521 1.32717 1
0.106385 147.126 1.21889 1
0.113178 138.295 1.11944 1
0.120405 129.993 1.02811 1
0.128093 122.19 0.944221 1
0.136272 114.854 0.867179 1
0.144974 107.959 0.796422 1
0.15423 101.477 0.731437 1
0.164078 95.3842 0.671753 1
0.174555 89.6568 0.616939 1
0.185701 84.273 0.566596 1
0.197559 79.2122 0.52036 1
0.210173 74.455 0.477896 1
0.223593 69.9832 0.438897 1
0.23787 65.7797 0.403079 1
0.253059 61.8284 0.370183 1
0.269217 58.1141 0.339972 1
0.286408 54.6227 0.312225 1
0.304695 51.3408 0.286741 1
0.324151 48.2558 0.263337 1
0.344849 45.3559 0.241843 1
0.366868 42.6299 0.222102 1
0.390294 40.0676 0.203972 1
0.415215 37.659 0.187321 1
0.441728 35.3949 0.172029 1
0.469933 33.2666 0.157985 1
0.499939 31.2661 0.145086 1
0.531862 29.3855 0.13324 1
0.565823 27.6179 0.122361 1
0.601952 25.9563 0.112369 1
0.640388 24.3944 0.103193 1
0.681278 22.9262 0.0947652 1
0.72478 21.5461 0.0870254 1
0.771059 20.2489 0.0799173 1
0.820293 19.0294 0.0733892 1
0.872671 17.8832 0.0673939 1
0.928393 16.8057 0.0618878 1
0.987673 15.7929 0.0568312 1
1.05074 14.8409 0.0521872 1
1.11783 13.946 0.0479223 1
1.18921 13.1048 0.0440055 1
1.26514 12.3141 0.0404084 1
1.34592 11.5709 0.0371049 1
1.43186 10.8722 0.0340711 1
1.52329 10.2155 0.031285 1
1.62056 9.59816 0.0287263 1
1.72404 9.01789 0.0263765 1
1.83412 8.47244 0.0242185 1
1.95123 7.95973 0.0222367 1
2.07582 7.47779 0.0204168 1
2.20837 7.02478 0.0187454 1
2.34938 6.59895 0.0172106 1
2.49939 6.19868 0.0158011 1
2.65899 5.82244 0.0145067 1
2.82877 5.46878 0.013318 1
3.00939 5.13634 0.0122264 1
3.20155 4.82386 0.011224 1
3.40598 4.53013 0.0103035 1
3.62346 4.25404 0.00945822 1
3.85483 3.99452 0.008682 1
4.10097 3.75057 0.00796921 1
4.36282 3.52127 0.00731467 1
4.6414 3.30574 0.00671364 1
4.93777 3.10315 0.00616175 1
5.25306 2.91272 0.00565497 1
5.58848 2.73372 0.00518964 1
5.94532 2.56548 0.00476237 1
6.32494 2.40733 0.00437004 1
6.7288 2.25869 0.00400982 8.42383
7.15845 2.11937 0.00367941 8.48738
7.61554 1.98874 0.00337631 8.55175
8.10181 1.86623 0.00309824 8.61687
8.61913 1.75129 0.00284309 8.68266
9.16948 1.64342 0.00260894 8.74905
9.75498 1.54217 0.00239406 8.81594
10.3779 1.44709 0.00219683 8.88326
11.0405 1.3578 0.00201578 8.95091
11.7455 1.27392 0.00184959 9.0188
12.4955 1.19511 0.00169702 9.08682
13.2933 1.12104 0.00155695 9.15486
14.1421 1.05143 0.00142834 9.22283
15.0451 0.985982 0.00131025 9.2906
16.0058 0.924448 0.00120182 9.35804
17.0278 0.866583 0.00110226 9.42502
18.1151 0.812163 0.00101083 9.49141
19.2718 0.760977 0.000926874 9.55707
20.5023 0.712828 0.000849779 9.62183
21.8115 0.667533 0.000778985 9.68554
23.2042 0.624921 0.000713976 9.74802
24.6858 0.584829 0.000654281 9.80909
26.2621 0.547109 0.000599467 9.86857
27.939 0.511619 0.000549137 9.92625
29.723 0.478228 0.000502925 9.98192
31.6209 0.446811 0.000460497 10.0354
33.6399 0.417254 0.000421545 10.0863
35.7879 0.389448 0.000385787 10.1346
38.0731 0.363291 0.000352962 10.1799
40.5041 0.338688 0.000322834 10.2219
43.0904 0.315549 0.000295184 10.2604
45.8419 0.293791 0.000269809 10.2951
48.769 0.273334 0.000246526 10.3256
51.883 0.254104 0.000225165 10.3516
55.1959 0.236032 0.00020557 10.3729
58.7203 0.219053 0.000187597 10.389
62.4697 0.203105 0.000171116 10.3995
66.4586 0.188131 0.000156005 10.4042
70.7021 0.174076 0.000142154 10.4025
75.2166 0.16089 0.000129459 10.3942
80.0194 0.148525 0.000117827 10.3788
85.1288 0.136935 0.000107172 10.356
90.5645 0.126079 9.74149e-05 10.3252
96.3473 0.115917 8.84821e-05 10.286
102.499 0.10641 8.03069e-05 10.2381
109.044 0.0975246 7.28277e-05 10.1811
116.007 0.0892263 6.5988e-05 10.1144
123.414 0.081484 5.97356e-05 10.0378
131.295 0.074268 5.40228e-05 9.95086
139.678 0.0675504 4.88055e-05 9.85321
148.597 0.0613047 4.40434e-05 9.74451
158.085 0.0555059 3.96992e-05 9.62449
168.179 0.0501301 3.57388e-05 9.49288
178.918 0.0451547 3.21308e-05 9.34949
190.342 0.0405584 2.88462e-05 9.19415
202.496 0.0363206 2.58585e-05 9.02679
215.426 0.0324218 2.31432e-05 8.8474
229.182 0.0288433 2.06779e-05 8.65606
243.815 0.0255672 1.84419e-05 8.45292
259.384 0.0225762 1.6416e-05 8.23825
275.946 0.0198538 1.45828e-05 8.01243
293.566 0.0173838 1.29262e-05 7.77595
312.311 0.0151509 1.14314e-05 7.52942
332.253 0.0131399 1.00845e-05 7.2736
353.468 0.0113363 8.87303e-06 7.00936
376.038 0.00972592 7.78538e-06 6.7377
400.048 0.00829493 6.81082e-06 6.45979
425.593 0.00702994 5.93947e-06 6.17689
452.768 0.00591796 5.16222e-06 5.89041
481.678 0.00494634 4.47066e-06 5.60186
512.435 0.00410286 3.85702e-06 5.31286
545.155 0.0033757 3.31412e-06 5.02509
579.964 0.0027535 2.83536e-06 4.7403
616.996 0.00222538 2.41461e-06 4.46028
656.393 0.00178096 2.04621e-06 4.18679
698.306 0.00141043 1.72496e-06 3.92159
742.894 0.00110456 1.44602e-06 3.66634
790.33 0.000854742 1.20497e-06 3.42261
840.795 0.000653022 9.97704e-07 3.19182
894.481 0.000492121 8.20452e-07 2.9752
951.596 0.000365456 6.69751e-07 2.77378
1012.36 0.000267136 5.42426e-07 2.58833
1077 0.000191963 4.35574e-07 2.41936
1145.77 0.000135414 3.46548e-07 2.2671
1218.93 9.36095e-05 2.72942e-07 2.13148
1296.76 6.32785e-05 2.12578e-07 2.01213
1379.56 4.17085e-05 1.63486e-07 1.90841
1467.65 2.66904e-05 1.23887e-07 1.81934
1561.36 1.64582e-05 9.21546e-08 1.7436
1661.06 9.6253e-06 6.67593e-08 1.67937
1767.12 5.11976e-06 4.6122e-08 1.62399
1879.96 2.1212e-06 2.81224e-08 1.57256
