4365486 2.6099e+06
0.1 30.0855 0.581863 1
0.106385 28.2798 0.53439 1
0.113178 26.5823 0.49079 1
0.120405 24.9867 0.450747 1
0.128093 23.4868 0.41397 1
0.136272 22.0769 0.380194 1
0.144974 20.7516 0.349173 1
0.15423 19.5059 0.320683 1
0.164078 18.3348 0.294517 1
0.174555 17.2341 0.270486 1
0.185701 16.1993 0.248415 1
0.197559 15.2267 0.228145 1
0.210173 14.3124 0.209529 1
0.223593 13.453 0.192431 1
0.23787 12.6451 0.176728 1
0.253059 11.8858 0.162307 1
0.269217 11.172 0.149062 1
0.286408 10.501 0.136897 1
0.304695 9.87026 0.125726 1
0.324151 9.27739 0.115465 1
0.344849 8.7201 0.106042 1
0.366868 8.19624 0.0973874 1
0.390294 7.70382 0.0894391 1
0.415215 7.24095 0.0821392 1
0.441728 6.80586 0.075435 1
0.469933 6.39687 0.0692778 1
0.499939 6.01243 0.063623 1
0.531862 5.65106 0.0584296 1
0.565823 5.31137 0.0536599 1
0.601952 4.99207 0.0492794 1
0.640388 4.69192 0.0452564 1
0.681278 4.40979 0.0415616 1
0.72478 4.14459 0.0381683 1
0.771059 3.89531 0.0350519 1
0.820293 3.66099 0.0321898 1
0.872671 3.44072 0.0295612 1
0.928393 3.23368 0.0271472 1
0.987673 3.03906 0.0249302 1
1.05074 2.85612 0.022894 1
1.11783 2.68416 0.0210241 1
1.18921 2.52252 0.0193067 1
1.26514 2.37058 0.0177295 1
1.34592 2.22776 0.0162811 1
1.43186 2.09351 0.0149508 1
1.52329 1.96731 0.0137291 1
1.62056 1.84869 0.0126072 1
1.72404 1.73719 0.0115768 1
1.83412 1.63238 0.0106305 1
1.95123 1.53386 0.00976146 1
2.07582 1.44126 0.00896336 1
2.20837 1.35421 0.00823041 1
2.34938 1.27238 0.0075573 1
2.49939 1.19547 0.00693914 1
2.65899 1.12317 0.00637145 1
2.82877 1.05521 0.00585011 1
3.00939 0.991333 0.00537134 1
3.20155 0.931287 0.00493166 1
3.40598 0.874845 0.00452789 1
3.62346 0.821791 0.00415709 1
3.85483 0.771921 0.00381658 1
4.10097 0.725044 0.00350387 1
4.36282 0.680981 0.00321671 1
4.6414 0.639562 0.00295301 1
4.93777 0.60063 0.00271085 1
5.25306 0.564034 0.00248848 1
5.58848 0.529635 0.00228428 1
5.94532 0.497301 0.00209676 1
6.32494 0.466908 0.00192457 1
6.7288 0.43834 0.00176645 3.82086
7.15845 0.411882 0.00162204 3.84437
7.61554 0.387339 0.00149005 3.86941
8.10181 0.364535 0.00136931 3.89592
8.61913 0.343313 0.0012588 3.92386
9.16948 0.323531 0.00115757 3.95316
9.75498 0.305066 0.00106479 3.98377
10.3779 0.287803 0.000979705 4.01564
11.0405 0.271644 0.000901625 4.0487
11.7455 0.256497 0.000829938 4.0829
12.4955 0.24228 0.000764087 4.11818
13.2933 0.228922 0.000703569 4.15449
14.1421 0.216357 0.000647928 4.19177
15.0451 0.204524 0.00059675 4.22995
16.0058 0.193372 0.000549661 4.26899
17.0278 0.18285 0.00050632 4.30882
18.1151 0.172916 0.000466416 4.34938
19.2718 0.163528 0.000429667 4.39062
20.5023 0.154652 0.000395815 4.43248
21.8115 0.146254 0.000364625 4.47489
23.2042 0.138304 0.000335883 4.51779
24.6858 0.130773 0.000309392 4.56111
26.2621 0.123637 0.000284972 4.6048
27.939 0.116872 0.00026246 4.64879
29.723 0.110456 0.000241703 4.693
31.6209 0.104371 0.000222564 4.73737
33.6399 0.0985964 0.000204915 4.78182
35.7879 0.0931161 0.00018864 4.82627
38.0731 0.0879142 0.000173632 4.87066
40.5041 0.0829758 0.000159792 4.9149
43.0904 0.0782872 0.000147029 4.95891
45.8419 0.0738353 0.00013526 5.00259
48.769 0.0696082 0.000124407 5.04586
51.883 0.0655945 0.000114401 5.08861
55.1959 0.0617835 0.000105174 5.13077
58.7203 0.0581653 9.66683e-05 5.17221
62.4697 0.0547304 8.8827e-05 5.21282
66.4586 0.0514698 8.15992e-05 5.25251
70.7021 0.0483752 7.49376e-05 5.29114
75.2166 0.0454387 6.87987e-05 5.3286
80.0194 0.0426526 6.3142e-05 5.36474
85.1288 0.0400099 5.79306e-05 5.39945
90.5645 0.0375037 5.31301e-05 5.43256
96.3473 0.0351278 4.87088e-05 5.46395
102.499 0.0328759 4.46375e-05 5.49344
109.044 0.0307424 4.08892e-05 5.52088
116.007 0.0287216 3.74389e-05 5.5461
123.414 0.0268085 3.42636e-05 5.56893
131.295 0.024998 3.13422e-05 5.58919
139.678 0.0232855 2.86548e-05 5.60668
148.597 0.0216663 2.61834e-05 5.62122
158.085 0.0201363 2.39113e-05 5.6326
168.179 0.0186914 2.18229e-05 5.64063
178.918 0.0173277 1.9904e-05 5.64508
190.342 0.0160415 1.81414e-05 5.64576
202.496 0.0148293 1.6523e-05 5.64244
215.426 0.0136878 1.50374e-05 5.6349
229.182 0.0126137 1.36743e-05 5.62293
243.815 0.0116041 1.24242e-05 5.60631
259.384 0.0106559 1.12781e-05 5.58483
275.946 0.00976649 1.0228e-05 5.55826
293.566 0.00893314 9.2662e-06 5.52641
312.311 0.00815333 8.38583e-06 5.48909
332.253 0.00742463 7.58044e-06 5.4461
353.468 0.00674471 6.84412e-06 5.39728
376.038 0.00611133 6.17138e-06 5.34247
400.048 0.00552234 5.55719e-06 5.28155
425.593 0.00497567 4.99686e-06 5.21441
452.768 0.0044693 4.48612e-06 5.14097
481.678 0.00400131 4.02097e-06 5.06117
512.435 0.00356982 3.59775e-06 4.97502
545.155 0.003173 3.21308e-06 4.88252
579.964 0.00280907 2.86383e-06 4.78376
616.996 0.00247631 2.54711e-06 4.67883
656.393 0.00217302 2.26024e-06 4.56789
698.306 0.00189753 2.00076e-06 4.45115
742.894 0.00164821 1.76639e-06 4.32884
790.33 0.00142346 1.55501e-06 4.20126
840.795 0.00122171 1.36465e-06 4.06871
894.481 0.0010414 1.19351e-06 3.93154
951.596 0.000881004 1.03988e-06 3.79011
1012.36 0.000739023 9.02201e-07 3.64476
1077 0.000613987 7.78991e-07 3.49578
1145.77 0.000504453 6.6887e-07 3.34341
1218.93 0.000409014 5.70532e-07 3.18773
1296.76 0.000326305 4.82727e-07 3.0286
1379.56 0.000255002 4.04241e-07 2.86555
1467.65 0.000193835 3.33859e-07 2.69757
1561.36 0.000141589 2.70296e-07 2.52274
1661.06 9.71166e-05 2.12056e-07 2.33755
1767.12 5.93428e-05 1.57024e-07 2.13503
1879.96 2.72726e-05 1.00838e-07 1.8982
