1538792 919963
0.1 210.617 1.53953 1
0.106385 197.976 1.41392 1
0.113178 186.092 1.29856 1
0.120405 174.921 1.19261 1
0.128093 164.42 1.0953 1
0.136272 154.549 1.00593 1
0.144974 145.27 0.923853 1
0.15423 136.548 0.848468 1
0.164078 128.349 0.779234 1
0.174555 120.642 0.715647 1
0.185701 113.397 0.657248 1
0.197559 106.586 0.603613 1
0.210173 100.185 0.554354 1
0.223593 94.1668 0.509113 1
0.23787 88.51 0.467563 1
0.253059 83.1926 0.429403 1
0.269217 78.1943 0.394357 1
0.286408 73.4958 0.362169 1
0.304695 69.0791 0.332608 1
0.324151 64.9275 0.305458 1
0.344849 61.0249 0.280524 1
0.366868 57.3565 0.257624 1
0.390294 53.9081 0.236593 1
0.415215 50.6667 0.217277 1
0.441728 47.6197 0.199538 1
0.469933 44.7556 0.183246 1
0.499939 42.0633 0.168283 1
0.531862 39.5326 0.154542 1
0.565823 37.1537 0.141921 1
0.601952 34.9175 0.130331 1
0.640388 32.8155 0.119686 1
0.681278 30.8396 0.10991 1
0.72478 28.9823 0.100932 1
0.771059 27.2365 0.0926864 1
0.820293 25.5954 0.0851138 1
0.872671 24.0528 0.0781592 1
0.928393 22.6027 0.0717723 1
0.987673 21.2397 0.0659066 1
1.05074 19.9584 0.0605197 1
1.11783 18.7541 0.0555726 1
1.18921 17.622 0.0510292 1
1.26514 16.5578 0.0468567 1
1.34592 15.5575 0.0430248 1
1.43186 14.6173 0.0395058 1
1.52329 13.7334 0.036274 1
1.62056 12.9026 0.0333061 1
1.72404 12.1217 0.0305805 1
1.83412 11.3876 0.0280775 1
1.95123 10.6976 0.0257789 1
2.07582 10.049 0.023668 1
2.20837 9.4393 0.0217295 1
2.34938 8.86621 0.0199493 1
2.49939 8.32752 0.0183145 1
2.65899 7.82116 0.0168132 1
2.82877 7.3452 0.0154346 1
3.00939 6.8978 0.0141686 1
3.20155 6.47726 0.0130061 1
3.40598 6.08196 0.0119386 1
3.62346 5.71039 0.0109583 1
3.85483 5.36113 0.0100581 1
4.10097 5.03284 0.00923151 1
4.36282 4.72425 0.0084725 1
4.6414 4.43419 0.00777555 1
4.93777 4.16155 0.00713559 1
5.25306 3.90528 0.00654798 1
5.58848 3.6644 0.00600844 1
5.94532 3.43799 0.00551304 1
6.32494 3.22518 0.00505818 1
6.7288 3.02515 0.00464055 9.91279
7.15845 2.83753 0.00425741 9.98798
7.61554 2.66152 0.00390588 10.0638
8.10181 2.49635 0.00358331 10.14
8.61913 2.34131 0.00328731 10.2167
9.16948 2.19577 0.00301567 10.2937
9.75498 2.05911 0.00276636 10.3709
10.3779 1.93076 0.00253753 10.4482
11.0405 1.8102 0.0023275 10.5255
11.7455 1.69694 0.0021347 10.6026
12.4955 1.59051 0.00195773 10.6794
13.2933 1.49051 0.00179527 10.7558
14.1421 1.39652 0.00164613 10.8316
15.0451 1.30817 0.00150922 10.9067
16.0058 1.22513 0.00138353 10.9808
17.0278 1.14706 0.00126815 11.054
18.1151 1.07366 0.00116222 11.1258
19.2718 1.00464 0.00106498 11.1963
20.5023 0.939755 0.000975711 11.265
21.8115 0.878742 0.000893764 11.3319
23.2042 0.821372 0.000818542 11.3968
24.6858 0.767427 0.000749494 11.4592
26.2621 0.716705 0.000686118 11.5191
27.939 0.669014 0.00062795 11.5761
29.723 0.624177 0.000574566 11.63
31.6209 0.582024 0.000525576 11.6804
33.6399 0.542399 0.000480621 11.7271
35.7879 0.505155 0.000439374 11.7697
38.0731 0.470154 0.000401533 11.8079
40.5041 0.437265 0.000366819 11.8413
43.0904 0.406368 0.00033498 11.8695
45.8419 0.377348 0.000305779 11.8922
48.769 0.350097 0.000279004 11.9089
51.883 0.324515 0.000254456 11.9193
55.1959 0.300509 0.000231954 11.9229
58.7203 0.277988 0.000211332 11.9192
62.4697 0.256869 0.000192436 11.9078
66.4586 0.237075 0.000175127 11.8883
70.7021 0.218532 0.000159274 11.8601
75.2166 0.201169 0.00014476 11.8228
80.0194 0.184924 0.000131475 11.7759
85.1288 0.169733 0.000119318 11.7189
90.5645 0.15554 0.000108199 11.6513
96.3473 0.14229 9.80323e-05 11.5726
102.499 0.129932 8.874e-05 11.4825
109.044 0.118419 8.02508e-05 11.3804
116.007 0.107703 7.24992e-05 11.266
123.414 0.0977437 6.54247e-05 11.1388
131.295 0.0884989 5.89719e-05 10.9986
139.678 0.0799305 5.30898e-05 10.8449
148.597 0.072002 4.77316e-05 10.6777
158.085 0.0646787 4.28541e-05 10.4966
168.179 0.0579276 3.84179e-05 10.3016
178.918 0.0517172 3.43864e-05 10.0927
190.342 0.0460175 3.07263e-05 9.86994
202.496 0.0407995 2.74066e-05 9.63351
215.426 0.0360357 2.4399e-05 9.38372
229.182 0.0316994 2.16775e-05 9.12098
243.815 0.0277649 1.92181e-05 8.84586
259.384 0.0242075 1.69988e-05 8.55905
275.946 0.0210032 1.4999e-05 8.26141
293.566 0.0181286 1.32002e-05 7.95395
312.311 0.0155613 1.15851e-05 7.63781
332.253 0.0132792 1.01378e-05 7.31433
353.468 0.0112611 8.84356e-06 6.98497
376.038 0.00948636 7.6889e-06 6.65134
400.048 0.00793483 6.66135e-06 6.31519
425.593 0.00658715 5.74938e-06 5.97838
452.768 0.00542459 4.94236e-06 5.64287
481.678 0.00442912 4.23046e-06 5.31069
512.435 0.00358349 3.60463e-06 4.98388
545.155 0.00287126 3.05649e-06 4.66453
579.964 0.00227687 2.57831e-06 4.35465
616.996 0.00178567 2.16294e-06 4.05621
656.393 0.001384 1.80381e-06 3.77103
698.306 0.00105924 1.49486e-06 3.50076
742.894 0.000799828 1.23049e-06 3.24689
790.33 0.000595281 1.00559e-06 3.0106
840.795 0.000436226 8.15444e-07 2.79284
894.481 0.000314379 6.55758e-07 2.59422
951.596 0.000222519 5.22612e-07 2.41506
1012.36 0.000154451 4.12448e-07 2.25532
1077 0.000104939 3.22049e-07 2.11466
1145.77 6.96418e-05 2.48523e-07 1.9924
1218.93 4.50205e-05 1.89285e-07 1.88763
1296.76 2.82512e-05 1.42039e-07 1.79916
1379.56 1.7127e-05 1.04763e-07 1.72563
1467.65 9.96279e-06 7.56898e-08 1.66555
1561.36 5.50205e-06 5.32829e-08 1.61734
1661.06 2.83142e-06 3.62081e-08 1.57934
1767.12 1.30265e-06 2.32647e-08 1.54979
1879.96 4.63937e-07 1.3152e-08 1.52634
