2826694 1.68993e+06
0.1 75.9966 0.924781 1
0.106385 71.4352 0.84933 1
0.113178 67.1474 0.780034 1
0.120405 63.1168 0.716392 1
0.128093 59.328 0.657941 1
0.136272 55.7666 0.604258 1
0.144974 52.4188 0.554955 1
0.15423 49.2719 0.509674 1
0.164078 46.3137 0.468087 1
0.174555 43.5331 0.429893 1
0.185701 40.9193 0.394815 1
0.197559 38.4623 0.362598 1
0.210173 36.1527 0.33301 1
0.223593 33.9818 0.305836 1
0.23787 31.941 0.280879 1
0.253059 30.0227 0.257957 1
0.269217 28.2196 0.236906 1
0.286408 26.5246 0.217573 1
0.304695 24.9313 0.199817 1
0.324151 23.4336 0.183509 1
0.344849 22.0258 0.168532 1
0.366868 20.7025 0.154777 1
0.390294 19.4586 0.142144 1
0.415215 18.2893 0.130542 1
0.441728 17.1902 0.119887 1
0.469933 16.157 0.110101 1
0.499939 15.1858 0.101113 1
0.531862 14.2729 0.0928591 1
0.565823 13.4148 0.0852784 1
0.601952 12.6082 0.0783163 1
0.640388 11.85 0.0719222 1
0.681278 11.1373 0.0660499 1
0.72478 10.4673 0.0606568 1
0.771059 9.8376 0.0557038 1
0.820293 9.24565 0.051155 1
0.872671 8.68922 0.0469773 1
0.928393 8.16619 0.0431406 1
0.987673 7.67454 0.039617 1
1.05074 7.2124 0.0363809 1
1.11783 6.77799 0.033409 1
1.18921 6.36965 0.0306796 1
1.26514 5.98582 0.0281729 1
1.34592 5.62502 0.0258709 1
1.43186 5.28588 0.0237567 1
1.52329 4.96708 0.0218151 1
1.62056 4.66742 0.020032 1
1.72404 4.38575 0.0183944 1
1.83412 4.12098 0.0168905 1
1.95123 3.8721 0.0155094 1
2.07582 3.63815 0.014241 1
2.20837 3.41825 0.0130762 1
2.34938 3.21154 0.0120064 1
2.49939 3.01724 0.0110241 1
2.65899 2.8346 0.0101219 1
2.82877 2.66292 0.00929337 1
3.00939 2.50155 0.00853252 1
3.20155 2.34986 0.0078338 1
3.40598 2.20728 0.00719215 1
3.62346 2.07325 0.00660291 1
3.85483 1.94727 0.00606179 1
4.10097 1.82885 0.00556488 1
4.36282 1.71754 0.00510857 1
4.6414 1.61291 0.00468953 1
4.93777 1.51457 0.00430474 1
5.25306 1.42212 0.00395139 1
5.58848 1.33522 0.00362691 1
5.94532 1.25355 0.00332896 1
6.32494 1.17677 0.00305537 1
6.7288 1.1046 0.00280414 5.79781
7.15845 1.03717 0.00257395 5.8392
7.61554 0.974106 0.00236296 5.88176
8.10181 0.915096 0.00216953 5.92545
8.61913 0.859843 0.00199214 5.9702
9.16948 0.808074 0.00182943 6.01595
9.75498 0.759543 0.00168014 6.06266
10.3779 0.714022 0.00154313 6.11026
11.0405 0.671301 0.00141738 6.15869
11.7455 0.631189 0.00130192 6.20789
12.4955 0.593509 0.00119591 6.2578
13.2933 0.558097 0.00109854 6.30834
14.1421 0.524804 0.00100911 6.35946
15.0451 0.493491 0.000926957 6.41109
16.0058 0.46403 0.000851474 6.46314
17.0278 0.436301 0.000782115 6.51554
18.1151 0.410196 0.000718376 6.56822
19.2718 0.385612 0.000659797 6.6211
20.5023 0.362455 0.000605955 6.67408
21.8115 0.340636 0.000556465 6.72708
23.2042 0.320075 0.000510972 6.78
24.6858 0.300695 0.000469151 6.83275
26.2621 0.282425 0.000430705 6.88523
27.939 0.265199 0.000395361 6.93732
29.723 0.248956 0.000362867 6.98891
31.6209 0.233638 0.000332994 7.03989
33.6399 0.219191 0.00030553 7.09012
35.7879 0.205564 0.000280283 7.13949
38.0731 0.192712 0.000257072 7.18785
40.5041 0.180588 0.000235735 7.23505
43.0904 0.169153 0.000216122 7.28094
45.8419 0.158367 0.000198093 7.32537
48.769 0.148194 0.000181523 7.36816
51.883 0.1386 0.000166294 7.40914
55.1959 0.129552 0.000152299 7.44812
58.7203 0.121021 0.000139438 7.48491
62.4697 0.112977 0.000127622 7.51931
66.4586 0.105395 0.000116767 7.5511
70.7021 0.0982493 0.000106796 7.58006
75.2166 0.0915159 9.76373e-05 7.60596
80.0194 0.0851729 8.92271e-05 7.62855
85.1288 0.0791993 8.15052e-05 7.6476
90.5645 0.0735753 7.44166e-05 7.66284
96.3473 0.0682825 6.79105e-05 7.674
102.499 0.0633032 6.19403e-05 7.68081
109.044 0.0586209 5.64632e-05 7.68298
116.007 0.0542201 5.14397e-05 7.68023
123.414 0.0500861 4.68334e-05 7.67225
131.295 0.0462051 4.26109e-05 7.65876
139.678 0.0425639 3.87414e-05 7.63944
148.597 0.0391502 3.51966e-05 7.614
158.085 0.0359524 3.19504e-05 7.58212
168.179 0.0329594 2.89788e-05 7.54353
178.918 0.0301607 2.62598e-05 7.49792
190.342 0.0275466 2.37729e-05 7.44501
202.496 0.0251077 2.14996e-05 7.38454
215.426 0.022835 1.94225e-05 7.31625
229.182 0.0207201 1.75259e-05 7.23992
243.815 0.0187551 1.57951e-05 7.15534
259.384 0.0169323 1.42167e-05 7.06234
275.946 0.0152444 1.27784e-05 6.96079
293.566 0.0136845 1.14687e-05 6.8506
312.311 0.0122459 1.02772e-05 6.73172
332.253 0.0109222 9.19418e-06 6.60418
353.468 0.00970731 8.21079e-06 6.46804
376.038 0.00859521 7.31885e-06 6.32345
400.048 0.00758022 6.5108e-06 6.17064
425.593 0.00665679 5.77969e-06 6.00989
452.768 0.00581953 5.11911e-06 5.8416
481.678 0.00506323 4.52317e-06 5.66623
512.435 0.00438277 3.98642e-06 5.48436
545.155 0.00377321 3.50382e-06 5.29666
579.964 0.00322968 3.07076e-06 5.10387
616.996 0.00274748 2.68294e-06 4.90685
656.393 0.00232198 2.33643e-06 4.70654
698.306 0.0019487 2.02756e-06 4.50397
742.894 0.00162327 1.75298e-06 4.30024
790.33 0.00134146 1.50955e-06 4.09649
840.795 0.00109917 1.2944e-06 3.89393
894.481 0.000892449 1.10486e-06 3.69378
951.596 0.000717528 9.38458e-07 3.49724
1012.36 0.000570802 7.92897e-07 3.3055
1077 0.000448863 6.66055e-07 3.11963
1145.77 0.000348508 5.55953e-07 2.94062
1218.93 0.000266751 4.60748e-07 2.76925
1296.76 0.000200832 3.78709e-07 2.60603
1379.56 0.000148226 3.08198e-07 2.4511
1467.65 0.000106642 2.47634e-07 2.30408
1561.36 7.40259e-05 1.95442e-07 2.16375
1661.06 4.85542e-05 1.4994e-07 2.02759
1767.12 2.86235e-05 1.09055e-07 1.89057
1879.96 1.28394e-05 6.91886e-08 1.74098
