6171894 3.68985e+06
0.1 8.96558 0.317637 1
0.106385 8.42744 0.291722 1
0.113178 7.92159 0.26792 1
0.120405 7.44607 0.24606 1
0.128093 6.99908 0.225984 1
0.136272 6.57891 0.207545 1
0.144974 6.18394 0.19061 1
0.15423 5.81266 0.175057 1
0.164078 5.46366 0.160773 1
0.174555 5.13559 0.147654 1
0.185701 4.82721 0.135605 1
0.197559 4.53732 0.12454 1
0.210173 4.26483 0.114377 1
0.223593 4.00868 0.105043 1
0.23787 3.7679 0.0964704 1
0.253059 3.54157 0.0885974 1
0.269217 3.32882 0.0813667 1
0.286408 3.12883 0.0747259 1
0.304695 2.94084 0.068627 1
0.324151 2.76413 0.0630256 1
0.344849 2.59802 0.0578813 1
0.366868 2.44188 0.0531566 1
0.390294 2.29511 0.0488175 1
0.415215 2.15714 0.0448324 1
0.441728 2.02745 0.0411725 1
0.469933 1.90555 0.0378112 1
0.499939 1.79095 0.0347241 1
0.531862 1.68324 0.031889 1
0.565823 1.58199 0.0292852 1
0.601952 1.48681 0.0268938 1
0.640388 1.39734 0.0246976 1
0.681278 1.31325 0.0226807 1
0.72478 1.23419 0.0208283 1
0.771059 1.15989 0.0191271 1
0.820293 1.09004 0.0175647 1
0.872671 1.02438 0.0161298 1
0.928393 0.962664 0.014812 1
0.987673 0.90465 0.0136018 1
1.05074 0.850118 0.0124903 1
1.11783 0.798858 0.0114696 1
1.18921 0.750674 0.0105322 1
1.26514 0.705382 0.00967124 1
1.34592 0.662807 0.00888061 1
1.43186 0.622788 0.00815451 1
1.52329 0.58517 0.00748768 1
1.62056 0.549809 0.00687529 1
1.72404 0.516571 0.0063129 1
1.83412 0.485327 0.00579642 1
1.95123 0.455959 0.00532211 1
2.07582 0.428353 0.00488653 1
2.20837 0.402403 0.00448652 1
2.34938 0.378011 0.00411917 1
2.49939 0.355083 0.00378182 1
2.65899 0.333531 0.00347203 1
2.82877 0.313272 0.00318753 1
3.00939 0.294229 0.00292628 1
3.20155 0.276329 0.00268636 1
3.40598 0.259503 0.00246605 1
3.62346 0.243687 0.00226373 1
3.85483 0.228821 0.00207795 1
4.10097 0.214846 0.00190735 1
4.36282 0.20171 0.00175069 1
4.6414 0.189363 0.00160684 1
4.93777 0.177757 0.00147474 1
5.25306 0.166848 0.00135345 1
5.58848 0.156593 0.00124207 1
5.94532 0.146954 0.0011398 1
6.32494 0.137893 0.0010459 1
6.7288 0.129376 0.000959674 2.52884
7.15845 0.121767 0.000881943 2.54039
7.61554 0.114941 0.000811693 2.55413
8.10181 0.10879 0.000748045 2.56997
8.61913 0.103221 0.000690232 2.58783
9.16948 0.0981531 0.000637591 2.6076
9.75498 0.0935175 0.000589542 2.62922
10.3779 0.0892548 0.000545586 2.65258
11.0405 0.0853141 0.000505285 2.6776
11.7455 0.0816519 0.000468261 2.7042
12.4955 0.0782311 0.000434184 2.73227
13.2933 0.07502 0.000402764 2.76175
14.1421 0.0719919 0.000373751 2.79255
15.0451 0.0691239 0.000346924 2.82458
16.0058 0.0663969 0.000322087 2.85776
17.0278 0.0637948 0.000299068 2.89204
18.1151 0.0613038 0.000277715 2.92732
19.2718 0.0589127 0.000257893 2.96353
20.5023 0.056612 0.000239479 3.00062
21.8115 0.0543937 0.000222365 3.0385
23.2042 0.0522513 0.000206452 3.07712
24.6858 0.0501793 0.000191651 3.11641
26.2621 0.0481732 0.000177882 3.1563
27.939 0.0462294 0.000165069 3.19674
29.723 0.0443447 0.000153146 3.23766
31.6209 0.0425166 0.000142051 3.27901
33.6399 0.040743 0.000131726 3.32072
35.7879 0.0390222 0.000122118 3.36273
38.0731 0.0373527 0.000113178 3.40498
40.5041 0.0357333 0.000104862 3.44742
43.0904 0.0341629 9.71261e-05 3.48998
45.8419 0.0326405 8.99323e-05 3.5326
48.769 0.0311653 8.32438e-05 3.57521
51.883 0.0297366 7.70265e-05 3.61775
55.1959 0.0283535 7.12486e-05 3.66017
58.7203 0.0270154 6.58806e-05 3.70238
62.4697 0.0257216 6.08947e-05 3.74432
66.4586 0.0244714 5.62651e-05 3.78591
70.7021 0.0232641 5.19675e-05 3.82709
75.2166 0.0220991 4.79793e-05 3.86776
80.0194 0.0209755 4.42795e-05 3.90787
85.1288 0.0198927 4.08481e-05 3.9473
90.5645 0.01885 3.76668e-05 3.98599
96.3473 0.0178465 3.47183e-05 4.02384
102.499 0.0168814 3.19864e-05 4.06075
109.044 0.015954 2.9456e-05 4.09663
116.007 0.0150634 2.71132e-05 4.13136
123.414 0.0142088 2.49446e-05 4.16484
131.295 0.0133894 2.2938e-05 4.19695
139.678 0.0126042 2.1082e-05 4.22758
148.597 0.0118524 1.93659e-05 4.2566
158.085 0.0111332 1.77796e-05 4.28388
168.179 0.0104457 1.6314e-05 4.30929
178.918 0.00978898 1.49602e-05 4.33268
190.342 0.00916219 1.37103e-05 4.35391
202.496 0.00856448 1.25568e-05 4.37282
215.426 0.00799498 1.14925e-05 4.38927
229.182 0.00745284 1.0511e-05 4.40308
243.815 0.00693723 9.6063e-06 4.41409
259.384 0.00644731 8.77266e-06 4.42212
275.946 0.00598226 8.00486e-06 4.42701
293.566 0.00554128 7.29801e-06 4.42857
312.311 0.00512358 6.6476e-06 4.42662
332.253 0.00472838 6.04941e-06 4.42096
353.468 0.00435492 5.49953e-06 4.41143
376.038 0.00400244 4.99433e-06 4.39781
400.048 0.00367021 4.53043e-06 4.37993
425.593 0.00335752 4.1047e-06 4.3576
452.768 0.00306366 3.71425e-06 4.33064
481.678 0.00278793 3.35637e-06 4.29885
512.435 0.00252965 3.02858e-06 4.26206
545.155 0.00228816 2.72854e-06 4.2201
579.964 0.00206281 2.45411e-06 4.17281
616.996 0.00185293 2.2033e-06 4.12001
656.393 0.0016579 1.97425e-06 4.06156
698.306 0.00147709 1.76525e-06 3.9973
742.894 0.00130988 1.5747e-06 3.92711
790.33 0.00115566 1.40111e-06 3.85083
840.795 0.0010138 1.24313e-06 3.76832
894.481 0.000883722 1.09945e-06 3.67945
951.596 0.000764813 9.68887e-07 3.58405
1012.36 0.000656484 8.50328e-07 3.48193
1077 0.000558144 7.42722e-07 3.37286
1145.77 0.000469211 6.45083e-07 3.25652
1218.93 0.000389105 5.56473e-07 3.1325
1296.76 0.000317256 4.75986e-07 3.00021
1379.56 0.000253102 4.02731e-07 2.85876
1467.65 0.00019609 3.35796e-07 2.70684
1561.36 0.000145684 2.74178e-07 2.54237
1661.06 0.000101362 2.16642e-07 2.36179
1767.12 6.26216e-05 1.61304e-07 2.15821
1879.96 2.89845e-05 1.03955e-07 1.9147
