5870826 3.50986e+06
0.1 11.4338 0.358704 1
0.106385 10.7475 0.329438 1
0.113178 10.1024 0.30256 1
0.120405 9.49597 0.277874 1
0.128093 8.92594 0.255202 1
0.136272 8.3901 0.234379 1
0.144974 7.88641 0.215255 1
0.15423 7.41293 0.197692 1
0.164078 6.96787 0.181561 1
0.174555 6.5495 0.166746 1
0.185701 6.15623 0.153139 1
0.197559 5.78656 0.140643 1
0.210173 5.43907 0.129166 1
0.223593 5.11242 0.118626 1
0.23787 4.80538 0.108945 1
0.253059 4.51675 0.100054 1
0.269217 4.24545 0.091889 1
0.286408 3.99042 0.0843897 1
0.304695 3.75069 0.0775023 1
0.324151 3.52535 0.0711769 1
0.344849 3.31353 0.0653675 1
0.366868 3.11441 0.0600321 1
0.390294 2.92725 0.055132 1
0.415215 2.75132 0.0506318 1
0.441728 2.58594 0.0464987 1
0.469933 2.43048 0.0427028 1
0.499939 2.28436 0.0392167 1
0.531862 2.147 0.036015 1
0.565823 2.01788 0.0330746 1
0.601952 1.89652 0.0303741 1
0.640388 1.78243 0.027894 1
0.681278 1.67519 0.0256162 1
0.72478 1.57439 0.0235243 1
0.771059 1.47963 0.0216032 1
0.820293 1.39057 0.0198388 1
0.872671 1.30684 0.0182184 1
0.928393 1.22814 0.0167302 1
0.987673 1.15417 0.0153635 1
1.05074 1.08463 0.0141083 1
1.11783 1.01926 0.0129556 1
1.18921 0.957821 0.0118969 1
1.26514 0.900067 0.0109247 1
1.34592 0.845778 0.0100318 1
1.43186 0.794747 0.00921175 1
1.52329 0.746778 0.00845867 1
1.62056 0.701689 0.00776707 1
1.72404 0.659305 0.00713193 1
1.83412 0.619465 0.00654864 1
1.95123 0.582015 0.00601296 1
2.07582 0.546814 0.00552103 1
2.20837 0.513724 0.00506925 1
2.34938 0.482621 0.00465437 1
2.49939 0.453384 0.00427336 1
2.65899 0.425902 0.00392347 1
2.82877 0.40007 0.00360215 1
3.00939 0.375787 0.00330707 1
3.20155 0.352962 0.0030361 1
3.40598 0.331507 0.00278725 1
3.62346 0.31134 0.00255874 1
3.85483 0.292383 0.00234889 1
4.10097 0.274564 0.00215619 1
4.36282 0.257814 0.00197924 1
4.6414 0.242069 0.00181674 1
4.93777 0.22727 0.00166753 1
5.25306 0.213359 0.00153051 1
5.58848 0.200283 0.00140469 1
5.94532 0.187992 0.00128916 1
6.32494 0.176438 0.00118308 1
6.7288 0.165578 0.00108567 2.71277
7.15845 0.155767 0.000997499 2.72601
7.61554 0.14687 0.000917531 2.74127
8.10181 0.138773 0.000844861 2.75849
8.61913 0.131375 0.000778694 2.77758
9.16948 0.124587 0.000718335 2.79847
9.75498 0.118336 0.000663172 2.82107
10.3779 0.112554 0.000612671 2.84532
11.0405 0.107185 0.000566361 2.87112
11.7455 0.102181 0.000523829 2.8984
12.4955 0.0974983 0.00048471 2.92709
13.2933 0.0931014 0.000448684 2.95711
14.1421 0.0889586 0.000415466 2.98839
15.0451 0.085043 0.000384804 3.02084
16.0058 0.0813313 0.000356474 3.05441
17.0278 0.0778035 0.000330276 3.08901
18.1151 0.0744426 0.000306032 3.12459
19.2718 0.0712338 0.000283581 3.16107
20.5023 0.0681645 0.00026278 3.19838
21.8115 0.0652238 0.000243498 3.23648
23.2042 0.0624024 0.000225617 3.27528
24.6858 0.0596923 0.00020903 3.31473
26.2621 0.0570865 0.00019364 3.35477
27.939 0.054579 0.000179358 3.39534
29.723 0.0521645 0.000166102 3.43637
31.6209 0.0498386 0.000153797 3.4778
33.6399 0.0475972 0.000142375 3.51958
35.7879 0.0454367 0.000131773 3.56164
38.0731 0.0433541 0.000121931 3.60392
40.5041 0.0413464 0.000112797 3.64636
43.0904 0.0394111 0.00010432 3.68889
45.8419 0.037546 9.64537e-05 3.73146
48.769 0.0357487 8.91551e-05 3.77398
51.883 0.0340173 8.23844e-05 3.81641
55.1959 0.03235 7.61045e-05 3.85866
58.7203 0.0307448 7.02811e-05 3.90067
62.4697 0.0292002 6.4882e-05 3.94236
66.4586 0.0277144 5.98774e-05 3.98365
70.7021 0.0262859 5.52396e-05 4.02447
75.2166 0.0249131 5.09426e-05 4.06473
80.0194 0.0235945 4.69625e-05 4.10434
85.1288 0.0223287 4.32769e-05 4.14322
90.5645 0.021114 3.98647e-05 4.18127
96.3473 0.0199492 3.67067e-05 4.21839
102.499 0.0188328 3.37846e-05 4.25447
109.044 0.0177635 3.10816e-05 4.28943
116.007 0.0167398 2.8582e-05 4.32313
123.414 0.0157603 2.62712e-05 4.35546
131.295 0.0148239 2.41356e-05 4.3863
139.678 0.0139291 2.21624e-05 4.41553
148.597 0.0130747 2.034e-05 4.44301
158.085 0.0122595 1.86572e-05 4.46859
168.179 0.011482 1.71041e-05 4.49215
178.918 0.0107412 1.5671e-05 4.51352
190.342 0.0100358 1.43491e-05 4.53256
202.496 0.00936472 1.31303e-05 4.5491
215.426 0.00872672 1.20069e-05 4.56298
229.182 0.0081207 1.09719e-05 4.57402
243.815 0.00754557 1.00187e-05 4.58205
259.384 0.00700026 9.14111e-06 4.5869
275.946 0.00648371 8.3336e-06 4.58838
293.566 0.00599492 7.59086e-06 4.5863
312.311 0.00553288 6.90803e-06 4.58047
332.253 0.00509663 6.28057e-06 4.57072
353.468 0.00468523 5.70429e-06 4.55684
376.038 0.00429775 5.1753e-06 4.53865
400.048 0.00393331 4.68999e-06 4.51597
425.593 0.00359102 4.24503e-06 4.4886
452.768 0.00327005 3.83732e-06 4.45638
481.678 0.00296954 3.46397e-06 4.41912
512.435 0.0026887 3.12234e-06 4.37666
545.155 0.00242674 2.80995e-06 4.32884
579.964 0.00218286 2.52452e-06 4.27553
616.996 0.0019563 2.26393e-06 4.21657
656.393 0.00174633 2.02622e-06 4.15184
698.306 0.00155218 1.80956e-06 4.08124
742.894 0.00137315 1.61228e-06 4.00464
790.33 0.0012085 1.43279e-06 3.92196
840.795 0.00105753 1.26965e-06 3.83309
894.481 0.000919535 1.1215e-06 3.73794
951.596 0.00079381 9.87084e-07 3.6364
1012.36 0.000679669 8.65213e-07 3.52833
1077 0.000576426 7.54788e-07 3.41353
1145.77 0.000483404 6.54767e-07 3.29177
1218.93 0.000399934 5.64163e-07 3.16265
1296.76 0.000325356 4.82024e-07 3.02563
1379.56 0.00025902 4.07413e-07 2.87986
1467.65 0.000200294 3.39375e-07 2.72403
1561.36 0.000148558 2.76869e-07 2.55604
1661.06 0.000103218 2.18616e-07 2.37227
1767.12 6.37011e-05 1.62688e-07 2.16576
1879.96 2.94646e-05 1.04812e-07 1.91926
