1622422 969961
0.1 193.938 1.47732 1
0.106385 182.298 1.35678 1
0.113178 171.355 1.24609 1
0.120405 161.069 1.14442 1
0.128093 151.4 1.05104 1
0.136272 142.31 0.965281 1
0.144974 133.766 0.886519 1
0.15423 125.735 0.814181 1
0.164078 118.185 0.747745 1
0.174555 111.088 0.686728 1
0.185701 104.417 0.630689 1
0.197559 98.1465 0.579222 1
0.210173 92.2517 0.531954 1
0.223593 86.7107 0.488542 1
0.23787 81.502 0.448671 1
0.253059 76.6058 0.412054 1
0.269217 72.0034 0.378424 1
0.286408 67.6771 0.347537 1
0.304695 63.6103 0.319171 1
0.324151 59.7876 0.293119 1
0.344849 56.1942 0.269192 1
0.366868 52.8163 0.247218 1
0.390294 49.6412 0.227036 1
0.415215 46.6565 0.208501 1
0.441728 43.851 0.191479 1
0.469933 41.2137 0.175846 1
0.499939 38.7347 0.161488 1
0.531862 36.4045 0.148301 1
0.565823 34.2141 0.136191 1
0.601952 32.1551 0.125069 1
0.640388 30.2196 0.114855 1
0.681278 28.4003 0.105474 1
0.72478 26.6901 0.0968583 1
0.771059 25.0826 0.088946 1
0.820293 23.5715 0.0816795 1
0.872671 22.1511 0.0750059 1
0.928393 20.816 0.0688771 1
0.987673 19.5609 0.0632484 1
1.05074 18.3812 0.0580792 1
1.11783 17.2722 0.0533319 1
1.18921 16.2298 0.0489721 1
1.26514 15.25 0.0449682 1
1.34592 14.329 0.0412911 1
1.43186 13.4632 0.0379142 1
1.52329 12.6494 0.034813 1
1.62056 11.8844 0.031965 1
1.72404 11.1654 0.0293495 1
1.83412 10.4895 0.0269475 1
1.95123 9.85411 0.0247417 1
2.07582 9.25689 0.022716 1
2.20837 8.69552 0.0208558 1
2.34938 8.16784 0.0191475 1
2.49939 7.67183 0.0175787 1
2.65899 7.20559 0.016138 1
2.82877 6.76734 0.014815 1
3.00939 6.35539 0.0136002 1
3.20155 5.96817 0.0124845 1
3.40598 5.60419 0.01146 1
3.62346 5.26206 0.0105193 1
3.85483 4.94047 0.00965543 1
4.10097 4.63818 0.00886217 1
4.36282 4.35405 0.00813376 1
4.6414 4.08697 0.00746491 1
4.93777 3.83592 0.00685074 1
5.25306 3.59996 0.0062868 1
5.58848 3.37816 0.00576899 1
5.94532 3.16968 0.00529354 1
6.32494 2.97372 0.004857 1
6.7288 2.78954 0.00445617 9.4701
7.15845 2.61681 0.00408847 9.5419
7.61554 2.45479 0.00375112 9.61436
8.10181 2.30277 0.00344158 9.6874
8.61913 2.1601 0.00315753 9.76094
9.16948 2.02617 0.00289686 9.83487
9.75498 1.90042 0.00265762 9.9091
10.3779 1.78233 0.00243804 9.98352
11.0405 1.67141 0.00223649 10.058
11.7455 1.5672 0.00205148 10.1325
12.4955 1.46929 0.00188165 10.2068
13.2933 1.37728 0.00172573 10.2809
14.1421 1.2908 0.0015826 10.3545
15.0451 1.20952 0.0014512 10.4276
16.0058 1.1331 0.00133055 10.4999
17.0278 1.06126 0.0012198 10.5714
18.1151 0.993703 0.00111811 10.6418
19.2718 0.930183 0.00102475 10.711
20.5023 0.870451 0.000939044 10.7788
21.8115 0.814279 0.000860357 10.845
23.2042 0.761453 0.000788121 10.9094
24.6858 0.711775 0.000721807 10.9717
26.2621 0.665055 0.000660933 11.0318
27.939 0.62112 0.000605055 11.0893
29.723 0.579804 0.000553767 11.144
31.6209 0.540955 0.000506693 11.1957
33.6399 0.504427 0.000463492 11.244
35.7879 0.470085 0.000423848 11.2887
38.0731 0.437802 0.000387471 11.3294
40.5041 0.407459 0.000354096 11.3658
43.0904 0.378944 0.000323479 11.3976
45.8419 0.352153 0.000295395 11.4243
48.769 0.326986 0.000269638 11.4457
51.883 0.303352 0.000246019 11.4612
55.1959 0.281164 0.000224364 11.4706
58.7203 0.26034 0.000204514 11.4734
62.4697 0.240803 0.000186321 11.4692
66.4586 0.222482 0.000169651 11.4575
70.7021 0.205309 0.000154381 11.4379
75.2166 0.189221 0.000140395 11.4099
80.0194 0.174157 0.00012759 11.373
85.1288 0.160062 0.000115869 11.3269
90.5645 0.146882 0.000105145 11.271
96.3473 0.134568 9.53353e-05 11.2049
102.499 0.123073 8.63661e-05 11.128
109.044 0.112353 7.81686e-05 11.0401
116.007 0.102366 7.068e-05 10.9406
123.414 0.0930727 6.38423e-05 10.8293
131.295 0.0844357 5.76022e-05 10.7056
139.678 0.07642 5.19108e-05 10.5693
148.597 0.0689922 4.67233e-05 10.4201
158.085 0.0621206 4.19981e-05 10.2578
168.179 0.0557752 3.76974e-05 10.0822
178.918 0.0499273 3.37862e-05 9.89328
190.342 0.0445496 3.02322e-05 9.69099
202.496 0.0396158 2.70061e-05 9.47543
215.426 0.035101 2.40805e-05 9.2468
229.182 0.030981 2.14305e-05 9.00541
243.815 0.0272326 1.9033e-05 8.75167
259.384 0.0238336 1.68669e-05 8.48617
275.946 0.0207621 1.49127e-05 8.20958
293.566 0.0179974 1.31524e-05 7.92276
312.311 0.015519 1.15694e-05 7.6267
332.253 0.0133073 1.01485e-05 7.32253
353.468 0.0113431 8.87569e-06 7.01155
376.038 0.00960778 7.73795e-06 6.6952
400.048 0.00808323 6.72335e-06 6.37504
425.593 0.00675196 5.82085e-06 6.05277
452.768 0.00559699 5.02028e-06 5.73019
481.678 0.00460198 4.31223e-06 5.4092
512.435 0.00375119 3.68801e-06 5.09174
545.155 0.00302956 3.13962e-06 4.7798
579.964 0.00242278 2.65964e-06 4.47535
616.996 0.00191728 2.24124e-06 4.18032
656.393 0.00150035 1.8781e-06 3.89658
698.306 0.00116011 1.56441e-06 3.62584
742.894 0.000885626 1.29481e-06 3.36968
790.33 0.000666893 1.06436e-06 3.12944
840.795 0.000494867 8.68525e-07 2.90625
894.481 0.000361471 7.0316e-07 2.70094
951.596 0.000259587 5.64465e-07 2.51405
1012.36 0.000183026 4.48984e-07 2.34583
1077 0.000126493 3.53579e-07 2.19618
1145.77 8.55309e-05 2.75419e-07 2.06471
1218.93 5.64512e-05 2.11957e-07 1.95074
1296.76 3.62614e-05 1.60921e-07 1.85332
1379.56 2.25811e-05 1.20293e-07 1.77129
1467.65 1.35572e-05 8.82942e-08 1.7033
1561.36 7.77934e-06 6.33573e-08 1.64781
1661.06 4.19785e-06 4.40877e-08 1.60316
1767.12 2.04803e-06 2.9171e-08 1.56731
1879.96 7.80669e-07 1.70606e-08 1.53726
