5469402 3.26987e+06
0.1 15.2273 0.413955 1
0.106385 14.3133 0.380181 1
0.113178 13.4542 0.349162 1
0.120405 12.6466 0.320674 1
0.128093 11.8874 0.29451 1
0.136272 11.1738 0.270481 1
0.144974 10.503 0.248411 1
0.15423 9.87247 0.228142 1
0.164078 9.27975 0.209527 1
0.174555 8.7226 0.19243 1
0.185701 8.19887 0.176728 1
0.197559 7.70657 0.162307 1
0.210173 7.2438 0.149063 1
0.223593 6.8088 0.136899 1
0.23787 6.3999 0.125728 1
0.253059 6.01554 0.115468 1
0.269217 5.65424 0.106045 1
0.286408 5.31461 0.0973904 1
0.304695 4.99537 0.0894423 1
0.324151 4.69528 0.0821426 1
0.344849 4.4132 0.0754385 1
0.366868 4.14804 0.0692814 1
0.390294 3.89879 0.0636267 1
0.415215 3.6645 0.0584333 1
0.441728 3.44427 0.0536637 1
0.469933 3.23726 0.0492832 1
0.499939 3.04266 0.0452601 1
0.531862 2.85974 0.0415654 1
0.565823 2.6878 0.038172 1
0.601952 2.52618 0.0350556 1
0.640388 2.37426 0.0321935 1
0.681278 2.23145 0.0295649 1
0.72478 2.09721 0.0271508 1
0.771059 1.97103 0.0249337 1
0.820293 1.85242 0.0228975 1
0.872671 1.74093 0.0210275 1
0.928393 1.63613 0.0193101 1
0.987673 1.53762 0.0177329 1
1.05074 1.44502 0.0162843 1
1.11783 1.35797 0.014954 1
1.18921 1.27615 0.0137323 1
1.26514 1.19924 0.0126103 1
1.34592 1.12695 0.0115798 1
1.43186 1.05899 0.0106335 1
1.52329 0.995117 0.00976435 1
1.62056 0.935073 0.00896619 1
1.72404 0.878633 0.00823318 1
1.83412 0.82558 0.00756001 1
1.95123 0.775711 0.00694179 1
2.07582 0.728834 0.00637404 1
2.20837 0.684771 0.00585264 1
2.34938 0.643353 0.00537381 1
2.49939 0.60442 0.00493407 1
2.65899 0.567824 0.00453025 1
2.82877 0.533424 0.00415939 1
3.00939 0.501088 0.00381883 1
3.20155 0.470694 0.00350607 1
3.40598 0.442123 0.00321886 1
3.62346 0.415268 0.0029551 1
3.85483 0.390024 0.0027129 1
4.10097 0.366295 0.00249047 1
4.36282 0.343991 0.00228622 1
4.6414 0.323025 0.00209866 1
4.93777 0.303318 0.00192642 1
5.25306 0.284793 0.00176826 1
5.58848 0.267381 0.00162302 1
5.94532 0.251013 0.00148966 1
6.32494 0.235628 0.0013672 1
6.7288 0.221167 0.00125475 2.97092
7.15845 0.20797 0.00115259 2.98654
7.61554 0.195892 0.00105965 3.00403
8.10181 0.184803 0.000974961 3.0233
8.61913 0.174593 0.000897687 3.0443
9.16948 0.165163 0.000827079 3.06696
9.75498 0.156428 0.000762474 3.0912
10.3779 0.148311 0.000703289 3.11696
11.0405 0.140747 0.000649003 3.14417
11.7455 0.13368 0.000599154 3.17275
12.4955 0.127059 0.000553332 3.20264
13.2933 0.120839 0.000511171 3.23378
14.1421 0.114983 0.000472344 3.26609
15.0451 0.109457 0.000436559 3.29951
16.0058 0.104232 0.000403552 3.33398
17.0278 0.0992819 0.000373089 3.36942
18.1151 0.0945839 0.000344957 3.40578
19.2718 0.0901184 0.000318964 3.443
20.5023 0.0858679 0.000294937 3.481
21.8115 0.081817 0.000272718 3.51973
23.2042 0.0779522 0.000252165 3.55914
24.6858 0.0742614 0.000233148 3.59915
26.2621 0.070734 0.000215547 3.63971
27.939 0.0673602 0.000199255 3.68075
29.723 0.0641317 0.000184172 3.72222
31.6209 0.0610408 0.000170206 3.76405
33.6399 0.0580804 0.000157275 3.80618
35.7879 0.0552443 0.0001453 3.84855
38.0731 0.0525268 0.000134212 3.89109
40.5041 0.0499226 0.000123945 3.93375
43.0904 0.0474269 0.000114438 3.97644
45.8419 0.045035 0.000105636 4.01911
48.769 0.042743 9.74874e-05 4.06168
51.883 0.0405468 8.99442e-05 4.10407
55.1959 0.0384428 8.29624e-05 4.14622
58.7203 0.0364276 7.6501e-05 4.18805
62.4697 0.0344977 7.05223e-05 4.22948
66.4586 0.0326502 6.49909e-05 4.27041
70.7021 0.030882 5.98744e-05 4.31077
75.2166 0.0291903 5.51425e-05 4.35046
80.0194 0.0275722 5.07671e-05 4.38938
85.1288 0.0260253 4.67221e-05 4.42745
90.5645 0.024547 4.29836e-05 4.46454
96.3473 0.0231347 3.95289e-05 4.50057
102.499 0.0217862 3.63372e-05 4.5354
109.044 0.0204992 3.33894e-05 4.56893
116.007 0.0192714 3.06673e-05 4.60103
123.414 0.0181007 2.81543e-05 4.63158
131.295 0.0169851 2.58351e-05 4.66042
139.678 0.0159225 2.36952e-05 4.68744
148.597 0.014911 2.17213e-05 4.71248
158.085 0.0139487 1.99012e-05 4.73538
168.179 0.0130338 1.82233e-05 4.756
178.918 0.0121645 1.66769e-05 4.77417
190.342 0.0113391 1.52524e-05 4.78973
202.496 0.010556 1.39405e-05 4.80249
215.426 0.00981357 1.27327e-05 4.81228
229.182 0.00911025 1.16212e-05 4.81893
243.815 0.00844457 1.05987e-05 4.82223
259.384 0.00781508 9.65848e-06 4.82202
275.946 0.00722038 8.79429e-06 4.81809
293.566 0.00665912 8.00033e-06 4.81024
312.311 0.00613 7.27124e-06 4.7983
332.253 0.00563175 6.60205e-06 4.78206
353.468 0.00516316 5.98816e-06 4.76134
376.038 0.00472305 5.42532e-06 4.73595
400.048 0.00431027 4.90959e-06 4.70571
425.593 0.0039237 4.43731e-06 4.67044
452.768 0.00356228 4.00511e-06 4.62999
481.678 0.00322495 3.60987e-06 4.58419
512.435 0.00291071 3.24868e-06 4.5329
545.155 0.00261854 2.91888e-06 4.476
579.964 0.00234748 2.61798e-06 4.41338
616.996 0.00209659 2.34369e-06 4.34493
656.393 0.00186492 2.09389e-06 4.27059
698.306 0.00165158 1.8666e-06 4.19028
742.894 0.00145564 1.66e-06 4.10398
790.33 0.00127624 1.4724e-06 4.01164
840.795 0.00111249 1.30223e-06 3.91324
894.481 0.000963534 1.14802e-06 3.80878
951.596 0.000828507 1.00843e-06 3.69821
1012.36 0.000706568 8.82168e-07 3.58149
1077 0.000596879 7.68062e-07 3.45854
1145.77 0.000498615 6.64989e-07 3.32916
1218.93 0.000410961 5.71888e-07 3.19308
1296.76 0.000333117 4.8774e-07 3.0498
1379.56 0.000264298 4.11543e-07 2.89854
1467.65 0.00020374 3.42283e-07 2.73803
1561.36 0.0001507 2.78858e-07 2.56616
1661.06 0.000104467 2.19934e-07 2.37929
1767.12 6.4359e-05 1.63526e-07 2.17033
1879.96 2.97358e-05 1.05294e-07 1.92183
