1120642 669973
0.1 339.859 1.95565 1
0.106385 319.459 1.79609 1
0.113178 300.283 1.64955 1
0.120405 282.256 1.51496 1
0.128093 265.311 1.39134 1
0.136272 249.382 1.27781 1
0.144974 234.408 1.17355 1
0.15423 220.332 1.07778 1
0.164078 207.1 0.989833 1
0.174555 194.662 0.909057 1
0.185701 182.97 0.834871 1
0.197559 171.979 0.766736 1
0.210173 161.648 0.70416 1
0.223593 151.936 0.646689 1
0.23787 142.806 0.593906 1
0.253059 134.225 0.54543 1
0.269217 126.158 0.500908 1
0.286408 118.574 0.460019 1
0.304695 111.446 0.422466 1
0.324151 104.746 0.387977 1
0.344849 98.447 0.356302 1
0.366868 92.5262 0.327211 1
0.390294 86.9606 0.300494 1
0.415215 81.7289 0.275957 1
0.441728 76.8111 0.253421 1
0.469933 72.1882 0.232725 1
0.499939 67.8428 0.213718 1
0.531862 63.758 0.196262 1
0.565823 59.9183 0.18023 1
0.601952 56.309 0.165506 1
0.640388 52.9162 0.151984 1
0.681278 49.727 0.139566 1
0.72478 46.7292 0.128161 1
0.771059 43.9112 0.117687 1
0.820293 41.2623 0.108068 1
0.872671 38.7723 0.0992335 1
0.928393 36.4317 0.0911206 1
0.987673 34.2316 0.0836698 1
1.05074 32.1635 0.0768273 1
1.11783 30.2195 0.0705434 1
1.18921 28.3921 0.0647725 1
1.26514 26.6744 0.0594727 1
1.34592 25.0598 0.0546057 1
1.43186 23.5421 0.050136 1
1.52329 22.1154 0.0460314 1
1.62056 20.7744 0.0422619 1
1.72404 19.5138 0.0388003 1
1.83412 18.3289 0.0356214 1
1.95123 17.2151 0.0327022 1
2.07582 16.1682 0.0300214 1
2.20837 15.1841 0.0275596 1
2.34938 14.259 0.0252989 1
2.49939 13.3895 0.023223 1
2.65899 12.5722 0.0213167 1
2.82877 11.8039 0.0195662 1
3.00939 11.0817 0.0179588 1
3.20155 10.4029 0.0164827 1
3.40598 9.76489 0.0151274 1
3.62346 9.16515 0.0138829 1
3.85483 8.60143 0.0127401 1
4.10097 8.07155 0.0116908 1
4.36282 7.57349 0.0107274 1
4.6414 7.10535 0.00984275 1
4.93777 6.66532 0.00903053 1
5.25306 6.25173 0.00828479 1
5.58848 5.86299 0.00760011 1
5.94532 5.49761 0.00697149 1
6.32494 5.15419 0.00639437 1
6.7288 4.83141 0.00586453 12.9945
7.15845 4.52844 0.00537835 13.0916
7.61554 4.24401 0.00493221 13.1886
8.10181 3.97696 0.0045228 13.2855
8.61913 3.72619 0.00414709 13.382
9.16948 3.49068 0.00380229 13.4781
9.75498 3.26948 0.00348585 13.5736
10.3779 3.06171 0.00319543 13.6682
11.0405 2.86652 0.00292889 13.7618
11.7455 2.68315 0.00268428 13.8543
12.4955 2.51087 0.00245977 13.9452
13.2933 2.34899 0.00225374 14.0346
14.1421 2.19689 0.00206464 14.122
15.0451 2.05397 0.00189111 14.2073
16.0058 1.91967 0.00173185 14.2902
17.0278 1.79347 0.00158571 14.3703
18.1151 1.67489 0.00145161 14.4475
19.2718 1.56346 0.00132855 14.5213
20.5023 1.45877 0.00121564 14.5915
21.8115 1.3604 0.00111205 14.6576
23.2042 1.26799 0.00101702 14.7193
24.6858 1.18117 0.000929836 14.7763
26.2621 1.09963 0.000849868 14.828
27.939 1.02305 0.000776524 14.8742
29.723 0.951133 0.000709262 14.9142
31.6209 0.883616 0.000647585 14.9477
33.6399 0.820242 0.000591037 14.9742
35.7879 0.760769 0.000539198 14.993
38.0731 0.704973 0.000491685 15.0038
40.5041 0.652643 0.000448144 15.006
43.0904 0.60358 0.00040825 14.999
45.8419 0.557598 0.000371705 14.9822
48.769 0.514524 0.000338235 14.955
51.883 0.474192 0.00030759 14.9169
55.1959 0.436448 0.000279537 14.8671
58.7203 0.401149 0.000253866 14.8052
62.4697 0.368157 0.000230382 14.7304
66.4586 0.337345 0.000208904 14.6423
70.7021 0.308593 0.00018927 14.54
75.2166 0.281787 0.000171328 14.4232
80.0194 0.25682 0.000154939 14.2912
85.1288 0.233592 0.000139976 14.1434
90.5645 0.212008 0.000126322 13.9794
96.3473 0.191978 0.00011387 13.7988
102.499 0.173417 0.00010252 13.6011
109.044 0.156246 9.21815e-05 13.386
116.007 0.140387 8.27717e-05 13.1533
123.414 0.125768 7.42135e-05 12.9028
131.295 0.112321 6.64364e-05 12.6346
139.678 0.099979 5.93757e-05 12.3486
148.597 0.0886795 5.29718e-05 12.0451
158.085 0.0783622 4.717e-05 11.7245
168.179 0.0689691 4.19197e-05 11.3872
178.918 0.0604444 3.71747e-05 11.034
190.342 0.0527342 3.28923e-05 10.6658
202.496 0.0457867 2.90333e-05 10.2835
215.426 0.0395514 2.55615e-05 9.8885
229.182 0.0339796 2.24437e-05 9.48221
243.815 0.029024 1.96491e-05 9.06629
259.384 0.0246385 1.71494e-05 8.6426
275.946 0.0207788 1.49187e-05 8.21318
293.566 0.0174017 1.29329e-05 7.78025
312.311 0.0144654 1.11698e-05 7.34617
332.253 0.0119298 9.60888e-06 6.91343
353.468 0.00975593 8.23133e-06 6.48461
376.038 0.00790689 7.01968e-06 6.06237
400.048 0.00634728 5.95782e-06 5.64935
425.593 0.00504363 5.03087e-06 5.24816
452.768 0.00396443 4.22514e-06 4.86133
481.678 0.00308025 3.52795e-06 4.49123
512.435 0.00236387 2.92766e-06 4.14003
545.155 0.00179031 2.41352e-06 3.80965
579.964 0.00133692 1.97569e-06 3.5017
616.996 0.000983377 1.60511e-06 3.21742
656.393 0.000711705 1.29352e-06 2.95769
698.306 0.000506192 1.03338e-06 2.72295
742.894 0.00035332 8.17833e-07 2.51324
790.33 0.000241642 6.40686e-07 2.32816
840.795 0.00016163 4.96363e-07 2.16694
894.481 0.000105497 3.79872e-07 2.0284
951.596 6.70051e-05 2.8678e-07 1.9111
1012.36 4.126e-05 2.13176e-07 1.8133
1077 2.45089e-05 1.55638e-07 1.73311
1145.77 1.39428e-05 1.112e-07 1.66852
1218.93 7.5123e-06 7.7321e-08 1.61749
1296.76 3.76364e-06 5.18434e-08 1.57803
1379.56 1.6955e-06 3.29622e-08 1.54828
1467.65 6.40078e-07 1.91851e-08 1.52656
1561.36 1.66593e-07 9.27159e-09 1.5114
1661.06 5.80316e-09 1.63922e-09 1.50128
1767.12 1.01139e-13 6.48249e-12 1.50001
1879.96 0 0 1
