1488614 889965
0.1 221.694 1.5795 1
0.106385 208.388 1.45063 1
0.113178 195.879 1.33227 1
0.120405 184.121 1.22357 1
0.128093 173.067 1.12374 1
0.136272 162.677 1.03205 1
0.144974 152.91 0.947834 1
0.15423 143.729 0.870493 1
0.164078 135.099 0.799461 1
0.174555 126.986 0.734224 1
0.185701 119.36 0.674308 1
0.197559 112.191 0.619281 1
0.210173 105.453 0.568742 1
0.223593 99.1184 0.522327 1
0.23787 93.1641 0.479698 1
0.253059 87.5669 0.440548 1
0.269217 82.3056 0.404591 1
0.286408 77.3599 0.371568 1
0.304695 72.7109 0.341239 1
0.324151 68.3408 0.313385 1
0.344849 64.2329 0.287803 1
0.366868 60.3715 0.264309 1
0.390294 56.7417 0.242731 1
0.415215 53.3297 0.222914 1
0.441728 50.1225 0.204714 1
0.469933 47.1076 0.187999 1
0.499939 44.2737 0.172648 1
0.531862 41.6097 0.15855 1
0.565823 39.1057 0.145602 1
0.601952 36.7518 0.13371 1
0.640388 34.5392 0.122789 1
0.681278 32.4594 0.112759 1
0.72478 30.5044 0.103548 1
0.771059 28.6667 0.0950887 1
0.820293 26.9392 0.0873195 1
0.872671 25.3154 0.0801845 1
0.928393 23.7891 0.0736317 1
0.987673 22.3543 0.0676138 1
1.05074 21.0056 0.0620871 1
1.11783 19.7379 0.0570116 1
1.18921 18.5462 0.0523503 1
1.26514 17.4261 0.0480695 1
1.34592 16.3731 0.0441382 1
1.43186 15.3834 0.0405278 1
1.52329 14.453 0.0372122 1
1.62056 13.5785 0.0341673 1
1.72404 12.7565 0.0313711 1
1.83412 11.9838 0.0288031 1
1.95123 11.2574 0.0264449 1
2.07582 10.5747 0.0242792 1
2.20837 9.93294 0.0222904 1
2.34938 9.3297 0.020464 1
2.49939 8.76266 0.0187869 1
2.65899 8.22965 0.0172467 1
2.82877 7.72864 0.0158323 1
3.00939 7.2577 0.0145336 1
3.20155 6.81503 0.0133409 1
3.40598 6.39893 0.0122457 1
3.62346 6.00781 0.01124 1
3.85483 5.64017 0.0103165 1
4.10097 5.2946 0.00946854 1
4.36282 4.96978 0.00868987 1
4.6414 4.66446 0.00797488 1
4.93777 4.37747 0.00731837 1
5.25306 4.10772 0.00671555 1
5.58848 3.85417 0.00616205 1
5.94532 3.61585 0.00565384 1
6.32494 3.39184 0.00518723 1
6.7288 3.18129 0.0047588 10.1998
7.15845 2.98379 0.00436575 10.2772
7.61554 2.79848 0.00400511 10.3551
8.10181 2.62457 0.00367419 10.4334
8.61913 2.46133 0.00337051 10.5121
9.16948 2.30807 0.00309182 10.5911
9.75498 2.16416 0.00283605 10.6701
10.3779 2.029 0.00260129 10.7492
11.0405 1.90204 0.00238581 10.8282
11.7455 1.78276 0.00218802 10.907
12.4955 1.67069 0.00200647 10.9853
13.2933 1.56538 0.00183981 11.0632
14.1421 1.4664 0.00168681 11.1403
15.0451 1.37337 0.00154637 11.2166
16.0058 1.28592 0.00141745 11.292
17.0278 1.20372 0.00129909 11.3661
18.1151 1.12644 0.00119045 11.4388
19.2718 1.05378 0.00109071 11.5099
20.5023 0.985469 0.00099916 11.5792
21.8115 0.921243 0.000915123 11.6465
23.2042 0.860857 0.000837986 11.7114
24.6858 0.804082 0.000767185 11.7739
26.2621 0.750705 0.000702204 11.8335
27.939 0.700524 0.000642567 11.8901
29.723 0.65335 0.00058784 11.9432
31.6209 0.609007 0.000537621 11.9927
33.6399 0.56733 0.000491543 12.0381
35.7879 0.528163 0.000449269 12.0792
38.0731 0.49136 0.000410489 12.1156
40.5041 0.456786 0.000374918 12.1468
43.0904 0.424311 0.000342295 12.1725
45.8419 0.393815 0.00031238 12.1924
48.769 0.365185 0.000284953 12.2059
51.883 0.338316 0.00025981 12.2126
55.1959 0.313107 0.000236766 12.2122
58.7203 0.289465 0.00021565 12.2041
62.4697 0.267302 0.000196305 12.1878
66.4586 0.246536 0.000178587 12.1629
70.7021 0.227089 0.000162363 12.1288
75.2166 0.208888 0.000147511 12.0852
80.0194 0.191864 0.000133919 12.0314
85.1288 0.175954 0.000121485 11.967
90.5645 0.161095 0.000110114 11.8916
96.3473 0.147231 9.972e-05 11.8045
102.499 0.134309 9.02221e-05 11.7054
109.044 0.122276 8.15474e-05 11.5939
116.007 0.111086 7.36287e-05 11.4694
123.414 0.100692 6.64041e-05 11.3317
131.295 0.0910522 5.98165e-05 11.1804
139.678 0.0821254 5.38138e-05 11.0152
148.597 0.0738731 4.83478e-05 10.836
158.085 0.0662586 4.33744e-05 10.6425
168.179 0.0592468 3.88529e-05 10.4347
178.918 0.0528043 3.4746e-05 10.2127
190.342 0.0468992 3.10192e-05 9.97652
202.496 0.041501 2.76412e-05 9.72647
215.426 0.03658 2.45826e-05 9.46292
229.182 0.0321081 2.18168e-05 9.18635
243.815 0.0280578 1.93192e-05 8.89743
259.384 0.0244027 1.70672e-05 8.59695
275.946 0.0211172 1.50397e-05 8.28586
293.566 0.0181764 1.32176e-05 7.96528
312.311 0.0155562 1.15832e-05 7.63648
332.253 0.0132332 1.01202e-05 7.3009
353.468 0.0111847 8.81349e-06 6.96012
376.038 0.00938853 7.64915e-06 6.61586
400.048 0.00782336 6.61439e-06 6.26999
425.593 0.00646854 5.69738e-06 5.92446
452.768 0.00530415 4.88718e-06 5.58132
481.678 0.0043111 4.17372e-06 5.24269
512.435 0.00347112 3.54767e-06 4.91067
545.155 0.0027669 3.00043e-06 4.58738
579.964 0.00218207 2.52406e-06 4.27486
616.996 0.00170131 2.11123e-06 3.97506
656.393 0.0013104 1.75519e-06 3.68978
698.306 0.000996236 1.44972e-06 3.42062
742.894 0.000746902 1.18908e-06 3.16895
790.33 0.00055166 9.68044e-07 2.93587
840.795 0.000400962 7.8179e-07 2.72219
894.481 0.000286431 6.25932e-07 2.52837
951.596 0.000200819 4.96476e-07 2.35456
1012.36 0.000137959 3.89806e-07 2.20055
1077 9.2684e-05 3.0266e-07 2.06582
1145.77 6.0749e-05 2.32114e-07 1.94954
1218.93 3.87297e-05 1.75563e-07 1.85062
1296.76 2.39218e-05 1.30703e-07 1.76776
1379.56 1.42363e-05 9.5514e-08 1.69947
1467.65 8.09771e-06 6.82383e-08 1.64419
1561.36 4.34718e-06 4.7362e-08 1.60028
1661.06 2.15484e-06 3.15873e-08 1.56613
1767.12 9.41902e-07 1.97827e-08 1.54011
1879.96 3.13311e-07 1.08081e-08 1.52027
