2475448 1.47994e+06
0.1 96.5456 1.04234 1
0.106385 90.7507 0.957294 1
0.113178 85.3035 0.87919 1
0.120405 80.183 0.807457 1
0.128093 75.3698 0.741575 1
0.136272 70.8453 0.681069 1
0.144974 66.5922 0.625498 1
0.15423 62.5943 0.574461 1
0.164078 58.8363 0.527587 1
0.174555 55.3037 0.484538 1
0.185701 51.9831 0.445 1
0.197559 48.8617 0.408688 1
0.210173 45.9275 0.375339 1
0.223593 43.1694 0.34471 1
0.23787 40.5768 0.31658 1
0.253059 38.1398 0.290745 1
0.269217 35.849 0.267018 1
0.286408 33.6956 0.245226 1
0.304695 31.6715 0.225213 1
0.324151 29.7688 0.206832 1
0.344849 27.9802 0.189951 1
0.366868 26.299 0.174448 1
0.390294 24.7187 0.160209 1
0.415215 23.2332 0.147132 1
0.441728 21.8368 0.135122 1
0.469933 20.5242 0.124092 1
0.499939 19.2904 0.113962 1
0.531862 18.1306 0.104658 1
0.565823 17.0404 0.096114 1
0.601952 16.0156 0.0882668 1
0.640388 15.0524 0.08106 1
0.681278 14.1469 0.0744412 1
0.72478 13.2958 0.0683625 1
0.771059 12.4957 0.0627799 1
0.820293 11.7436 0.0576528 1
0.872671 11.0367 0.0529442 1
0.928393 10.3722 0.0486197 1
0.987673 9.74762 0.0446483 1
1.05074 9.16048 0.0410009 1
1.11783 8.60858 0.0376512 1
1.18921 8.0898 0.0345749 1
1.26514 7.60216 0.0317496 1
1.34592 7.14377 0.029155 1
1.43186 6.7129 0.0267721 1
1.52329 6.30789 0.0245838 1
1.62056 5.92718 0.022574 1
1.72404 5.56932 0.0207284 1
1.83412 5.23293 0.0190334 1
1.95123 4.91674 0.0174767 1
2.07582 4.61952 0.0160472 1
2.20837 4.34014 0.0147343 1
2.34938 4.07752 0.0135287 1
2.49939 3.83067 0.0124215 1
2.65899 3.59864 0.0114047 1
2.82877 3.38052 0.0104709 1
3.00939 3.17551 0.00961344 1
3.20155 2.98279 0.00882598 1
3.40598 2.80164 0.00810283 1
3.62346 2.63137 0.00743875 1
3.85483 2.47132 0.00682892 1
4.10097 2.32087 0.00626891 1
4.36282 2.17945 0.00575465 1
4.6414 2.04653 0.00528241 1
4.93777 1.92158 0.00484877 1
5.25306 1.80413 0.00445057 1
5.58848 1.69374 0.00408491 1
5.94532 1.58997 0.00374915 1
6.32494 1.49243 0.00344084 1
6.7288 1.40075 0.00315774 6.53519
7.15845 1.31497 0.00289823 6.583
7.61554 1.23466 0.00266029 6.63189
8.10181 1.15945 0.00244207 6.6818
8.61913 1.08896 0.00224191 6.73266
9.16948 1.02288 0.00205827 6.78443
9.75498 0.960892 0.00188976 6.83702
10.3779 0.902723 0.0017351 6.89039
11.0405 0.848116 0.00159314 6.94447
11.7455 0.796832 0.00146281 6.99918
12.4955 0.748652 0.00134315 7.05445
13.2933 0.703373 0.00123326 7.11021
14.1421 0.660806 0.00113234 7.16639
15.0451 0.620778 0.00103965 7.22289
16.0058 0.583126 0.000954509 7.27964
17.0278 0.547702 0.000876293 7.33655
18.1151 0.514364 0.000804436 7.39353
19.2718 0.482985 0.000738417 7.45048
20.5023 0.453442 0.000677758 7.50729
21.8115 0.425625 0.000622022 7.56387
23.2042 0.399427 0.000570808 7.6201
24.6858 0.374753 0.000523748 7.67586
26.2621 0.351509 0.000480504 7.73103
27.939 0.329612 0.000440766 7.78548
29.723 0.308981 0.000404252 7.83907
31.6209 0.289542 0.000370698 7.89166
33.6399 0.271226 0.000339867 7.9431
35.7879 0.253967 0.000311538 7.99322
38.0731 0.237705 0.000285509 8.04186
40.5041 0.222381 0.000261595 8.08884
43.0904 0.207943 0.000239624 8.13398
45.8419 0.194339 0.000219441 8.17708
48.769 0.181523 0.000200901 8.21794
51.883 0.169451 0.000183872 8.25633
55.1959 0.15808 0.000168233 8.29204
58.7203 0.147371 0.000153871 8.32484
62.4697 0.137288 0.000140685 8.35446
66.4586 0.127795 0.000128578 8.38067
70.7021 0.118862 0.000117465 8.40318
75.2166 0.110456 0.000107266 8.42173
80.0194 0.102549 9.79064e-05 8.43602
85.1288 0.0951136 8.93194e-05 8.44576
90.5645 0.0881249 8.14428e-05 8.45065
96.3473 0.0815587 7.42194e-05 8.45036
102.499 0.0753922 6.75965e-05 8.44458
109.044 0.0696043 6.15259e-05 8.43299
116.007 0.0641748 5.59629e-05 8.41524
123.414 0.0590848 5.08669e-05 8.391
131.295 0.0543164 4.61999e-05 8.35994
139.678 0.0498529 4.19276e-05 8.32173
148.597 0.0456783 3.80179e-05 8.27603
158.085 0.0417776 3.44417e-05 8.22253
168.179 0.0381367 3.11718e-05 8.16091
178.918 0.0347421 2.81837e-05 8.09087
190.342 0.031581 2.54543e-05 8.01215
202.496 0.0286415 2.29628e-05 7.92449
215.426 0.025912 2.06898e-05 7.82767
229.182 0.0233817 1.86176e-05 7.7215
243.815 0.0210402 1.67297e-05 7.60584
259.384 0.0188776 1.50112e-05 7.4806
275.946 0.0168845 1.34482e-05 7.34574
293.566 0.0150517 1.2028e-05 7.20127
312.311 0.0133705 1.07387e-05 7.0473
332.253 0.0118326 9.56966e-06 6.88399
353.468 0.0104298 8.51087e-06 6.71159
376.038 0.00915438 7.55317e-06 6.53044
400.048 0.00799871 6.68811e-06 6.341
425.593 0.00695542 5.90791e-06 6.14378
452.768 0.00601737 5.2054e-06 5.93944
481.678 0.00517759 4.57397e-06 5.72873
512.435 0.00442929 4.00752e-06 5.51251
545.155 0.00376586 3.50041e-06 5.29173
579.964 0.00318087 3.04746e-06 5.06746
616.996 0.00266805 2.64388e-06 4.84086
656.393 0.00222131 2.28522e-06 4.61317
698.306 0.00183476 1.9674e-06 4.38571
742.894 0.00150272 1.68663e-06 4.15982
790.33 0.00121972 1.43943e-06 3.93692
840.795 0.000980521 1.22255e-06 3.7184
894.481 0.000780151 1.03301e-06 3.50565
951.596 0.00061391 8.68056e-07 3.30001
1012.36 0.000477392 7.25123e-07 3.10271
1077 0.000366499 6.01852e-07 2.91489
1145.77 0.000277461 4.96058e-07 2.73749
1218.93 0.000206836 4.05717e-07 2.57126
1296.76 0.000151522 3.28948e-07 2.41663
1379.56 0.000108754 2.63991e-07 2.2737
1467.65 7.60927e-05 2.09179e-07 2.14206
1561.36 5.14185e-05 1.62887e-07 2.02059
1661.06 3.29063e-05 1.23437e-07 1.90707
1767.12 1.90035e-05 8.88586e-08 1.79724
1879.96 8.40074e-06 5.59655e-08 1.68162
