334520 199992
0.1 1735.88 4.41979 1
0.106385 1631.67 4.05917 1
0.113178 1533.71 3.72795 1
0.120405 1441.6 3.42374 1
0.128093 1355.02 3.14434 1
0.136272 1273.62 2.88772 1
0.144974 1197.09 2.65202 1
0.15423 1125.14 2.43555 1
0.164078 1057.51 2.23673 1
0.174555 993.925 2.05413 1
0.185701 934.149 1.88642 1
0.197559 877.955 1.73238 1
0.210173 825.126 1.59091 1
0.223593 775.463 1.46099 1
0.23787 728.776 1.34166 1
0.253059 684.886 1.23206 1
0.269217 643.625 1.13141 1
0.286408 604.838 1.03896 1
0.304695 568.374 0.954061 1
0.324151 534.096 0.876088 1
0.344849 501.873 0.804477 1
0.366868 471.581 0.738709 1
0.390294 443.104 0.678308 1
0.415215 416.334 0.622836 1
0.441728 391.17 0.571892 1
0.469933 367.513 0.525106 1
0.499939 345.275 0.482139 1
0.531862 324.37 0.442679 1
0.565823 304.719 0.40644 1
0.601952 286.246 0.37316 1
0.640388 268.88 0.342597 1
0.681278 252.556 0.31453 1
0.72478 237.211 0.288755 1
0.771059 222.786 0.265084 1
0.820293 209.226 0.243348 1
0.872671 196.48 0.223386 1
0.928393 184.498 0.205056 1
0.987673 173.235 0.188223 1
1.05074 162.647 0.172765 1
1.11783 152.694 0.158571 1
1.18921 143.339 0.145537 1
1.26514 134.545 0.133569 1
1.34592 126.279 0.122579 1
1.43186 118.509 0.112487 1
1.52329 111.205 0.103221 1
1.62056 104.34 0.094713 1
1.72404 97.8862 0.086901 1
1.83412 91.8204 0.0797283 1
1.95123 86.1189 0.0731426 1
2.07582 80.7597 0.0670961 1
2.20837 75.7225 0.0615448 1
2.34938 70.988 0.0564482 1
2.49939 66.5379 0.0517691 1
2.65899 62.3554 0.0474736 1
2.82877 58.4244 0.0435302 1
3.00939 54.7298 0.0399102 1
3.20155 51.2575 0.0365873 1
3.40598 47.9942 0.033537 1
3.62346 44.9274 0.0307372 1
3.85483 42.0454 0.0281674 1
4.10097 39.3371 0.0258088 1
4.36282 36.7922 0.0236441 1
4.6414 34.4009 0.0216575 1
4.93777 32.1541 0.0198345 1
5.25306 30.0431 0.0181616 1
5.58848 28.0599 0.0166266 1
5.94532 26.1968 0.0152182 1
6.32494 24.4468 0.0139261 1
6.7288 22.803 0.0127407 33.8423
7.15845 21.2597 0.0116534 33.9999
7.61554 19.8108 0.0106563 34.1472
8.10181 18.4506 0.00974177 34.2833
8.61913 17.1739 0.00890318 34.4073
9.16948 15.9756 0.00813427 34.5182
9.75498 14.8512 0.00742932 34.6149
10.3779 13.7962 0.00678309 34.6964
11.0405 12.8066 0.00619075 34.7615
11.7455 11.8785 0.00564789 34.809
12.4955 11.0084 0.00515045 34.8377
13.2933 10.1927 0.00469469 34.8464
14.1421 9.42842 0.00427721 34.8336
15.0451 8.7125 0.00389486 34.7981
16.0058 8.04217 0.00354475 34.7385
17.0278 7.41478 0.00322423 34.6532
18.1151 6.82789 0.00293089 34.541
19.2718 6.27919 0.00266248 34.4002
20.5023 5.76649 0.00241696 34.2294
21.8115 5.28776 0.00219244 34.0272
23.2042 4.84108 0.0019872 33.792
24.6858 4.42465 0.00179966 33.5224
26.2621 4.03679 0.00162834 33.217
27.939 3.67588 0.00147193 32.8745
29.723 3.34043 0.00132919 32.4937
31.6209 3.02903 0.00119899 32.0732
33.6399 2.74033 0.0010803 31.6122
35.7879 2.47308 0.000972169 31.1097
38.0731 2.22608 0.000873718 30.5649
40.5041 1.99819 0.000784148 29.9775
43.0904 1.78834 0.000702721 29.347
45.8419 1.5955 0.000628761 28.6734
48.769 1.41871 0.000561646 27.9571
51.883 1.25702 0.000500802 27.1987
55.1959 1.10956 0.000445706 26.3991
58.7203 0.975453 0.000395873 25.5596
62.4697 0.853891 0.000350859 24.6822
66.4586 0.744077 0.000310255 23.7689
70.7021 0.645248 0.000273686 22.8225
75.2166 0.556665 0.000240804 21.8463
80.0194 0.477613 0.000211292 20.8438
85.1288 0.407399 0.000184857 19.8191
90.5645 0.345354 0.000161226 18.777
96.3473 0.290828 0.000140152 17.7225
102.499 0.243193 0.000121405 16.6611
109.044 0.201843 0.000104772 15.5985
116.007 0.166195 9.0059e-05 14.5409
123.414 0.135687 7.70843e-05 13.4947
131.295 0.109784 6.5682e-05 12.4663
139.678 0.0879779 5.56982e-05 11.4621
148.597 0.0697863 4.69914e-05 10.4884
158.085 0.0547576 3.94307e-05 9.5513
168.179 0.0424709 3.28955e-05 8.65647
178.918 0.0325378 2.72749e-05 7.80906
190.342 0.0246029 2.24668e-05 7.01355
202.496 0.0183448 1.83774e-05 6.27365
215.426 0.0134763 1.49208e-05 5.59221
229.182 0.00974387 1.20185e-05 4.97108
243.815 0.0069267 9.59901e-06 4.41114
259.384 0.00483559 7.59743e-06 3.9122
275.946 0.00331087 5.95514e-06 3.47307
293.566 0.00222015 4.61945e-06 3.09161
312.311 0.00145567 3.54331e-06 2.76481
332.253 0.000931448 2.68495e-06 2.48891
353.468 0.000580342 2.0076e-06 2.25958
376.038 0.000351078 1.47916e-06 2.07208
400.048 0.000205446 1.07187e-06 1.92143
425.593 0.000115699 7.61969e-07 1.80261
452.768 6.22299e-05 5.29359e-07 1.71073
481.678 3.15861e-05 3.57254e-07 1.64119
512.435 1.48217e-05 2.31823e-07 1.58977
545.155 6.18283e-06 1.41834e-07 1.55277
579.964 2.10051e-06 7.8312e-08 1.52705
616.996 4.47166e-07 3.42278e-08 1.51016
656.393 2.09812e-11 2.22095e-10 1.50001
698.306 0 0 1
742.894 0 0 1
790.33 0 0 1
840.795 0 0 1
894.481 0 0 1
951.596 0 0 1
1012.36 0 0 1
1077 0 0 1
1145.77 0 0 1
1218.93 0 0 1
1296.76 0 0 1
1379.56 0 0 1
1467.65 0 0 1
1561.36 0 0 1
1661.06 0 0 1
1767.12 0 0 1
1879.96 0 0 1
