4917444 2.93988e+06
0.1 21.6633 0.493747 1
0.106385 20.3631 0.453463 1
0.113178 19.1408 0.416466 1
0.120405 17.9919 0.382486 1
0.128093 16.9119 0.351279 1
0.136272 15.8967 0.322618 1
0.144974 14.9424 0.296295 1
0.15423 14.0453 0.272119 1
0.164078 13.2021 0.249915 1
0.174555 12.4095 0.229523 1
0.185701 11.6644 0.210795 1
0.197559 10.964 0.193595 1
0.210173 10.3057 0.177797 1
0.223593 9.68686 0.163289 1
0.23787 9.10515 0.149964 1
0.253059 8.55834 0.137727 1
0.269217 8.04435 0.126487 1
0.286408 7.5612 0.116165 1
0.304695 7.10704 0.106685 1
0.324151 6.68013 0.0979784 1
0.344849 6.27884 0.0899821 1
0.366868 5.90162 0.0826383 1
0.390294 5.54705 0.0758936 1
0.415215 5.21375 0.0696992 1
0.441728 4.90045 0.0640102 1
0.469933 4.60595 0.0587854 1
0.499939 4.32912 0.053987 1
0.531862 4.06891 0.04958 1
0.565823 3.82431 0.0455326 1
0.601952 3.59438 0.0418155 1
0.640388 3.37826 0.0384017 1
0.681278 3.1751 0.0352665 1
0.72478 2.98414 0.032387 1
0.771059 2.80464 0.0297426 1
0.820293 2.63591 0.0273139 1
0.872671 2.4773 0.0250834 1
0.928393 2.32821 0.023035 1
0.987673 2.18807 0.0211537 1
1.05074 2.05634 0.0194259 1
1.11783 1.93252 0.0178392 1
1.18921 1.81612 0.0163819 1
1.26514 1.70671 0.0150436 1
1.34592 1.60387 0.0138144 1
1.43186 1.5072 0.0126857 1
1.52329 1.41633 0.011649 1
1.62056 1.33091 0.010697 1
1.72404 1.25062 0.00982262 1
1.83412 1.17515 0.00901965 1
1.95123 1.10421 0.00828223 1
2.07582 1.03753 0.00760501 1
2.20837 0.974844 0.00698307 1
2.34938 0.915923 0.00641191 1
2.49939 0.860539 0.00588738 1
2.65899 0.808479 0.00540567 1
2.82877 0.759543 0.0049633 1
3.00939 0.713545 0.00455704 1
3.20155 0.670307 0.00418397 1
3.40598 0.629664 0.00384136 1
3.62346 0.59146 0.00352673 1
3.85483 0.55555 0.00323779 1
4.10097 0.521795 0.00297246 1
4.36282 0.490065 0.0027288 1
4.6414 0.460241 0.00250505 1
4.93777 0.432206 0.00229958 1
5.25306 0.405854 0.00211089 1
5.58848 0.381084 0.00193763 1
5.94532 0.3578 0.00177852 1
6.32494 0.335915 0.00163242 1
6.7288 0.315343 0.00149826 3.36336
7.15845 0.296402 0.00137599 3.38263
7.61554 0.278925 0.00126444 3.40357
8.10181 0.262762 0.00116256 3.42614
8.61913 0.247782 0.00106941 3.45026
9.16948 0.233868 0.000984182 3.47589
9.75498 0.220917 0.000906116 3.50295
10.3779 0.208839 0.000834552 3.53138
11.0405 0.197552 0.000768895 3.56114
11.7455 0.186985 0.000708612 3.59214
12.4955 0.177074 0.000653222 3.62434
13.2933 0.167762 0.000602295 3.65767
14.1421 0.159 0.000555443 3.69207
15.0451 0.150742 0.000512315 3.72748
16.0058 0.142949 0.000472595 3.76385
17.0278 0.135586 0.000435998 3.8011
18.1151 0.128619 0.000402262 3.83919
19.2718 0.122022 0.000371153 3.87805
20.5023 0.115767 0.000342457 3.91762
21.8115 0.109833 0.00031598 3.95784
23.2042 0.104198 0.000291542 3.99866
24.6858 0.098844 0.000268983 4.04
26.2621 0.0937531 0.000248154 4.08182
27.939 0.0889101 0.00022892 4.12404
29.723 0.0843008 0.000211155 4.16661
31.6209 0.0799123 0.000194747 4.20945
33.6399 0.0757326 0.000179591 4.25251
35.7879 0.0717508 0.000165591 4.29571
38.0731 0.0679567 0.000152657 4.33899
40.5041 0.0643409 0.000140709 4.38227
43.0904 0.0608948 0.000129673 4.42549
45.8419 0.0576101 0.000119478 4.46856
48.769 0.0544793 0.000110061 4.5114
51.883 0.0514952 0.000101363 4.55393
55.1959 0.0486511 9.33297e-05 4.59608
58.7203 0.0459408 8.59116e-05 4.63774
62.4697 0.0433583 7.90619e-05 4.67883
66.4586 0.0408979 7.27378e-05 4.71925
70.7021 0.0385543 6.68998e-05 4.75889
75.2166 0.0363225 6.15113e-05 4.79766
80.0194 0.0341976 5.65384e-05 4.83545
85.1288 0.0321751 5.19499e-05 4.87213
90.5645 0.0302505 4.77166e-05 4.90759
96.3473 0.0284197 4.38119e-05 4.9417
102.499 0.0266787 4.02109e-05 4.97434
109.044 0.0250238 3.68907e-05 5.00536
116.007 0.0234513 3.383e-05 5.03462
123.414 0.0219577 3.10092e-05 5.06197
131.295 0.0205397 2.84101e-05 5.08726
139.678 0.0191941 2.60159e-05 5.11032
148.597 0.0179178 2.38109e-05 5.131
158.085 0.016708 2.17808e-05 5.14911
168.179 0.0155619 1.99123e-05 5.16448
178.918 0.0144767 1.8193e-05 5.17693
190.342 0.0134499 1.66114e-05 5.18626
202.496 0.012479 1.51571e-05 5.19229
215.426 0.0115618 1.38203e-05 5.19481
229.182 0.0106958 1.25919e-05 5.19363
243.815 0.00987905 1.14636e-05 5.18855
259.384 0.00910936 1.04276e-05 5.17936
275.946 0.00838478 9.47691e-06 5.16586
293.566 0.00770338 8.60479e-06 5.14784
312.311 0.00706333 7.80518e-06 5.12513
332.253 0.00646287 7.07245e-06 5.09751
353.468 0.0059003 6.40137e-06 5.0648
376.038 0.00537399 5.78713e-06 5.02683
400.048 0.00488237 5.22527e-06 4.98344
425.593 0.00442391 4.71167e-06 4.93447
452.768 0.00399714 4.24254e-06 4.87979
481.678 0.00360065 3.81434e-06 4.81929
512.435 0.00323304 3.42384e-06 4.75287
545.155 0.00289299 3.06803e-06 4.68047
579.964 0.00257917 2.74414e-06 4.60205
616.996 0.00229031 2.44958e-06 4.51759
656.393 0.00202517 2.18199e-06 4.4271
698.306 0.0017825 1.93918e-06 4.33065
742.894 0.00156112 1.71909e-06 4.22829
790.33 0.00135983 1.51985e-06 4.12014
840.795 0.00117746 1.33971e-06 4.0063
894.481 0.00101287 1.17705e-06 3.88692
951.596 0.000864909 1.03034e-06 3.76213
1012.36 0.000732465 8.98189e-07 3.63205
1077 0.000614429 7.79272e-07 3.49674
1145.77 0.000509714 6.72349e-07 3.35621
1218.93 0.00041725 5.76247e-07 3.21031
1296.76 0.000335993 4.8984e-07 3.05871
1379.56 0.000264922 4.12029e-07 2.90074
1467.65 0.000203051 3.41703e-07 2.73523
1561.36 0.000149426 2.77676e-07 2.56015
1661.06 0.00010314 2.18533e-07 2.37183
1767.12 6.33324e-05 1.62217e-07 2.16318
1879.96 2.91993e-05 1.04339e-07 1.91674
