2726338 1.62994e+06
0.1 81.2234 0.956054 1
0.106385 76.3482 0.878052 1
0.113178 71.7655 0.806412 1
0.120405 67.4577 0.740617 1
0.128093 63.4084 0.68019 1
0.136272 59.602 0.624692 1
0.144974 56.0239 0.573721 1
0.15423 52.6605 0.526909 1
0.164078 49.499 0.483916 1
0.174555 46.5271 0.44443 1
0.185701 43.7335 0.408165 1
0.197559 41.1075 0.374859 1
0.210173 38.6391 0.344271 1
0.223593 36.3188 0.316177 1
0.23787 34.1377 0.290376 1
0.253059 32.0874 0.26668 1
0.269217 30.1602 0.244917 1
0.286408 28.3486 0.22493 1
0.304695 26.6458 0.206573 1
0.324151 25.0451 0.189714 1
0.344849 23.5404 0.17423 1
0.366868 22.1261 0.16001 1
0.390294 20.7966 0.14695 1
0.415215 19.5469 0.134956 1
0.441728 18.3721 0.12394 1
0.469933 17.2679 0.113823 1
0.499939 16.2299 0.104532 1
0.531862 15.2542 0.0959982 1
0.565823 14.3371 0.0881611 1
0.601952 13.475 0.0809636 1
0.640388 12.6646 0.0743533 1
0.681278 11.9029 0.0682824 1
0.72478 11.1869 0.0627069 1
0.771059 10.5138 0.0575864 1
0.820293 9.88113 0.0528837 1
0.872671 9.28642 0.0485648 1
0.928393 8.72741 0.0445984 1
0.987673 8.20194 0.0409556 1
1.05074 7.70801 0.0376101 1
1.11783 7.24371 0.0345377 1
1.18921 6.80729 0.031716 1
1.26514 6.39705 0.0291246 1
1.34592 6.01143 0.0267447 1
1.43186 5.64895 0.0245591 1
1.52329 5.30823 0.0225518 1
1.62056 4.98796 0.0207084 1
1.72404 4.6869 0.0190155 1
1.83412 4.40392 0.0174607 1
1.95123 4.13791 0.0160329 1
2.07582 3.88788 0.0147216 1
2.20837 3.65284 0.0135174 1
2.34938 3.43192 0.0124116 1
2.49939 3.22425 0.011396 1
2.65899 3.02905 0.0104633 1
2.82877 2.84556 0.00960678 1
3.00939 2.67309 0.00882021 1
3.20155 2.51096 0.00809789 1
3.40598 2.35857 0.00743455 1
3.62346 2.21533 0.00682539 1
3.85483 2.08068 0.006266 1
4.10097 1.95411 0.0057523 1
4.36282 1.83515 0.00528057 1
4.6414 1.72332 0.00484738 1
4.93777 1.61821 0.00444958 1
5.25306 1.5194 0.0040843 1
5.58848 1.42653 0.00374887 1
5.94532 1.33923 0.00344086 1
6.32494 1.25717 0.00315802 1
6.7288 1.18004 0.00289831 5.99133
7.15845 1.10794 0.00266032 6.03442
7.61554 1.04049 0.00244216 6.07866
8.10181 0.977363 0.00224213 6.12399
8.61913 0.918235 0.00205868 6.17035
9.16948 0.862825 0.00189039 6.2177
9.75498 0.810872 0.00173598 6.26597
10.3779 0.762133 0.00159427 6.31509
11.0405 0.716389 0.0014642 6.36502
11.7455 0.673435 0.00134478 6.41568
12.4955 0.633084 0.00123513 6.46701
13.2933 0.595162 0.00113444 6.51895
14.1421 0.55951 0.00104195 6.57141
15.0451 0.52598 0.000956984 6.62433
16.0058 0.494435 0.000878928 6.67764
17.0278 0.464749 0.00080721 6.73125
18.1151 0.436803 0.000741309 6.78509
19.2718 0.410491 0.000680748 6.83906
20.5023 0.385709 0.000625091 6.89308
21.8115 0.362364 0.000573938 6.94705
23.2042 0.340368 0.000526921 7.00088
24.6858 0.319641 0.000483705 7.05447
26.2621 0.300105 0.000443982 7.1077
27.939 0.281691 0.000407468 7.16046
29.723 0.264331 0.000373904 7.21263
31.6209 0.247964 0.000343051 7.2641
33.6399 0.232532 0.000314691 7.31471
35.7879 0.217981 0.000288623 7.36435
38.0731 0.20426 0.000264662 7.41286
40.5041 0.191321 0.00024264 7.46009
43.0904 0.179121 0.000222399 7.50588
45.8419 0.167618 0.000203797 7.55006
48.769 0.156771 0.000186702 7.59245
51.883 0.146545 0.000170994 7.63287
55.1959 0.136905 0.000156561 7.67112
58.7203 0.127819 0.000143301 7.70699
62.4697 0.119255 0.00013112 7.74028
66.4586 0.111186 0.000119932 7.77075
70.7021 0.103583 0.000109656 7.79818
75.2166 0.096423 0.000100221 7.82232
80.0194 0.0896805 9.15577e-05 7.84292
85.1288 0.0833334 8.36054e-05 7.85971
90.5645 0.0773604 7.63067e-05 7.87243
96.3473 0.0717417 6.96094e-05 7.8808
102.499 0.0664584 6.34652e-05 7.88452
109.044 0.0614928 5.78298e-05 7.88331
116.007 0.0568281 5.26623e-05 7.87685
123.414 0.0524487 4.79253e-05 7.86486
131.295 0.0483396 4.3584e-05 7.847
139.678 0.0444868 3.96069e-05 7.82298
148.597 0.0408771 3.59645e-05 7.79249
158.085 0.0374979 3.26299e-05 7.75521
168.179 0.0343375 2.95784e-05 7.71084
178.918 0.0313846 2.67872e-05 7.65909
190.342 0.0286286 2.42353e-05 7.59968
202.496 0.0260595 2.19033e-05 7.53233
215.426 0.0236677 1.97735e-05 7.45681
229.182 0.0214443 1.78296e-05 7.3729
243.815 0.0193807 1.60564e-05 7.2804
259.384 0.0174685 1.44401e-05 7.17916
275.946 0.0157001 1.2968e-05 7.06907
293.566 0.0140679 1.16282e-05 6.95005
312.311 0.0125647 1.04101e-05 6.82212
332.253 0.0111837 9.30356e-06 6.6853
353.468 0.00991817 8.29949e-06 6.53972
376.038 0.00876181 7.38944e-06 6.38558
400.048 0.0077084 6.56561e-06 6.22314
425.593 0.00675195 5.82085e-06 6.05277
452.768 0.00588663 5.14854e-06 5.8749
481.678 0.00510679 4.54259e-06 5.6901
512.435 0.00440692 3.99738e-06 5.49898
545.155 0.00378164 3.50774e-06 5.30231
579.964 0.00322572 3.06887e-06 5.10091
616.996 0.00273404 2.67637e-06 4.89573
656.393 0.00230162 2.32616e-06 4.68777
698.306 0.00192363 2.01448e-06 4.47815
742.894 0.00159536 1.73784e-06 4.26804
790.33 0.00131225 1.49303e-06 4.05866
840.795 0.00106992 1.27707e-06 3.85128
894.481 0.000864157 1.08721e-06 3.64717
951.596 0.000690933 9.20903e-07 3.44758
1012.36 0.000546431 7.75786e-07 3.25373
1077 0.000427053 6.49672e-07 3.06673
1145.77 0.000329436 5.40527e-07 2.88757
1218.93 0.000250461 4.46458e-07 2.71704
1296.76 0.000187266 3.65695e-07 2.55564
1379.56 0.000137246 2.96564e-07 2.40354
1467.65 9.80586e-05 2.3746e-07 2.26033
1561.36 6.76175e-05 1.86791e-07 2.12487
1661.06 4.40853e-05 1.42873e-07 1.9947
1767.12 2.58603e-05 1.03657e-07 1.86501
1879.96 1.15597e-05 6.56501e-08 1.72469
