3144488 1.87993e+06
0.1 62.0416 0.835571 1
0.106385 58.3177 0.767398 1
0.113178 54.8173 0.704787 1
0.120405 51.5269 0.647284 1
0.128093 48.4338 0.594472 1
0.136272 45.5264 0.545968 1
0.144974 42.7934 0.501421 1
0.15423 40.2243 0.460508 1
0.164078 37.8094 0.422933 1
0.174555 35.5394 0.388424 1
0.185701 33.4056 0.356729 1
0.197559 31.3998 0.327621 1
0.210173 29.5144 0.300887 1
0.223593 27.7421 0.276334 1
0.23787 26.0761 0.253785 1
0.253059 24.5101 0.233075 1
0.269217 23.0381 0.214055 1
0.286408 21.6544 0.196586 1
0.304695 20.3537 0.180543 1
0.324151 19.131 0.165809 1
0.344849 17.9818 0.152277 1
0.366868 16.9015 0.139848 1
0.390294 15.886 0.128434 1
0.415215 14.9314 0.117952 1
0.441728 14.0342 0.108324 1
0.469933 13.1907 0.0994821 1
0.499939 12.3979 0.0913616 1
0.531862 11.6527 0.0839037 1
0.565823 10.9522 0.0770543 1
0.601952 10.2937 0.0707638 1
0.640388 9.67474 0.0649866 1
0.681278 9.09292 0.0596808 1
0.72478 8.54601 0.0548079 1
0.771059 8.03192 0.0503327 1
0.820293 7.54869 0.0462226 1
0.872671 7.09445 0.042448 1
0.928393 6.66747 0.0389814 1
0.987673 6.26612 0.0357977 1
1.05074 5.88885 0.0328738 1
1.11783 5.53423 0.0301885 1
1.18921 5.20088 0.0277223 1
1.26514 4.88754 0.0254575 1
1.34592 4.59301 0.0233775 1
1.43186 4.31615 0.0214672 1
1.52329 4.05591 0.0197129 1
1.62056 3.81128 0.0181018 1
1.72404 3.58134 0.0166221 1
1.83412 3.36519 0.0152633 1
1.95123 3.16202 0.0140153 1
2.07582 2.97104 0.0128693 1
2.20837 2.79152 0.0118168 1
2.34938 2.62278 0.0108502 1
2.49939 2.46417 0.00996257 1
2.65899 2.31507 0.00914739 1
2.82877 2.17492 0.00839877 1
3.00939 2.04319 0.00771128 1
3.20155 1.91936 0.00707993 1
3.40598 1.80296 0.00650015 1
3.62346 1.69355 0.00596771 1
3.85483 1.5907 0.00547876 1
4.10097 1.49403 0.00502975 1
4.36282 1.40317 0.00461742 1
4.6414 1.31775 0.00423878 1
4.93777 1.23746 0.00389107 1
5.25306 1.162 0.00357177 1
5.58848 1.09106 0.00327857 1
5.94532 1.02438 0.00300933 1
6.32494 0.961704 0.00276209 1
6.7288 0.902791 0.00253507 5.25694
7.15845 0.847811 0.00232715 5.29353
7.61554 0.796458 0.00213666 5.33136
8.10181 0.748454 0.00196207 5.3704
8.61913 0.703544 0.00180201 5.41058
9.16948 0.661499 0.00165522 5.45186
9.75498 0.622107 0.00152055 5.49417
10.3779 0.585175 0.00139698 5.53746
11.0405 0.550527 0.00128356 5.58167
11.7455 0.518003 0.00117943 5.62675
12.4955 0.487454 0.0010838 5.67263
13.2933 0.458745 0.000995974 5.71926
14.1421 0.431751 0.000915288 5.76657
15.0451 0.406358 0.000841151 5.8145
16.0058 0.38246 0.000773022 5.86298
17.0278 0.35996 0.000710403 5.91195
18.1151 0.338769 0.000652841 5.96132
19.2718 0.318802 0.000599923 6.01104
20.5023 0.299983 0.000551267 6.06102
21.8115 0.282242 0.000506527 6.11119
23.2042 0.265511 0.000465385 6.16145
24.6858 0.24973 0.000427548 6.21174
26.2621 0.234841 0.00039275 6.26195
27.939 0.220792 0.000360744 6.312
29.723 0.207532 0.000331306 6.36178
31.6209 0.195017 0.000304229 6.4112
33.6399 0.183202 0.000279324 6.46014
35.7879 0.172047 0.000256417 6.50849
38.0731 0.161516 0.000235347 6.55614
40.5041 0.151572 0.000215968 6.60296
43.0904 0.142182 0.000198144 6.64883
45.8419 0.133316 0.000181752 6.69359
48.769 0.124945 0.000166677 6.73712
51.883 0.11704 0.000152814 6.77925
55.1959 0.109578 0.000140067 6.81984
58.7203 0.102533 0.000128347 6.85871
62.4697 0.0958832 0.000117572 6.89569
66.4586 0.089607 0.000107667 6.9306
70.7021 0.0836845 9.85623e-05 6.96325
75.2166 0.0780967 9.01952e-05 6.99344
80.0194 0.072826 8.25067e-05 7.02096
85.1288 0.0678555 7.54427e-05 7.04559
90.5645 0.0631694 6.89536e-05 7.06712
96.3473 0.0587529 6.29936e-05 7.0853
102.499 0.0545919 5.75208e-05 7.0999
109.044 0.0506731 5.24962e-05 7.11067
116.007 0.046984 4.78843e-05 7.11734
123.414 0.0435129 4.36522e-05 7.11967
131.295 0.0402485 3.97695e-05 7.11737
139.678 0.0371803 3.62086e-05 7.11018
148.597 0.0342984 3.29435e-05 7.09781
158.085 0.0315934 2.99509e-05 7.08
168.179 0.0290563 2.72089e-05 7.05646
178.918 0.0266787 2.46974e-05 7.02691
190.342 0.0244527 2.23981e-05 6.99108
202.496 0.0223706 2.02939e-05 6.94871
215.426 0.0204254 1.83692e-05 6.89954
229.182 0.0186102 1.66096e-05 6.84333
243.815 0.0169186 1.50019e-05 6.77985
259.384 0.0153443 1.35337e-05 6.70889
275.946 0.0138817 1.21939e-05 6.63029
293.566 0.0125249 1.0972e-05 6.54389
312.311 0.0112688 9.85864e-06 6.44958
332.253 0.0101082 8.8449e-06 6.34729
353.468 0.00903808 7.92271e-06 6.237
376.038 0.00805385 7.08461e-06 6.11873
400.048 0.0071509 6.32373e-06 5.99257
425.593 0.00632483 5.63373e-06 5.85868
452.768 0.00557137 5.00878e-06 5.71727
481.678 0.00488638 4.44348e-06 5.56865
512.435 0.00426584 3.93288e-06 5.41318
545.155 0.00370583 3.4724e-06 5.25132
579.964 0.0032025 3.05781e-06 5.08362
616.996 0.00275214 2.68522e-06 4.9107
656.393 0.00235108 2.35102e-06 4.73328
698.306 0.00199577 2.0519e-06 4.55215
742.894 0.00168271 1.78478e-06 4.36818
790.33 0.00140851 1.54682e-06 4.1823
840.795 0.00116986 1.33538e-06 3.99551
894.481 0.000963566 1.14804e-06 3.80883
951.596 0.000786513 9.82536e-07 3.62329
1012.36 0.000635717 8.3677e-07 3.43991
1077 0.000508316 7.08794e-07 3.25966
1145.77 0.000401585 5.96788e-07 3.08341
1218.93 0.000312942 4.99049e-07 2.91184
1296.76 0.000239966 4.13965e-07 2.7454
1379.56 0.000180395 3.40001e-07 2.58417
1467.65 0.000132144 2.75658e-07 2.42764
1561.36 9.33011e-05 2.19416e-07 2.27447
1661.06 6.21332e-05 1.69616e-07 2.12187
1767.12 3.70855e-05 1.24132e-07 1.96418
1879.96 1.67779e-05 7.90915e-08 1.78803
