4616376 2.75989e+06
0.1 25.9587 0.540484 1
0.106385 24.4006 0.496387 1
0.113178 22.936 0.455888 1
0.120405 21.5592 0.418692 1
0.128093 20.2651 0.384531 1
0.136272 19.0486 0.353157 1
0.144974 17.9051 0.324342 1
0.15423 16.8302 0.297878 1
0.164078 15.8198 0.273572 1
0.174555 14.87 0.25125 1
0.185701 13.9772 0.230749 1
0.197559 13.138 0.21192 1
0.210173 12.3491 0.194628 1
0.223593 11.6076 0.178746 1
0.23787 10.9106 0.16416 1
0.253059 10.2554 0.150764 1
0.269217 9.63945 0.138461 1
0.286408 9.06051 0.127162 1
0.304695 8.5163 0.116784 1
0.324151 8.00475 0.107254 1
0.344849 7.5239 0.0985004 1
0.366868 7.0719 0.0904614 1
0.390294 6.64703 0.0830783 1
0.415215 6.24765 0.0762976 1
0.441728 5.87223 0.0700702 1
0.469933 5.51934 0.0643508 1
0.499939 5.18763 0.0590981 1
0.531862 4.87583 0.054274 1
0.565823 4.58273 0.0498435 1
0.601952 4.30723 0.0457746 1
0.640388 4.04825 0.0420376 1
0.681278 3.80482 0.0386056 1
0.72478 3.576 0.0354536 1
0.771059 3.36091 0.0325588 1
0.820293 3.15872 0.0299003 1
0.872671 2.96867 0.0274586 1
0.928393 2.79003 0.0252163 1
0.987673 2.6221 0.0231569 1
1.05074 2.46426 0.0212656 1
1.11783 2.31588 0.0195286 1
1.18921 2.17641 0.0179334 1
1.26514 2.04531 0.0164684 1
1.34592 1.92208 0.0151229 1
1.43186 1.80625 0.0138872 1
1.52329 1.69736 0.0127524 1
1.62056 1.59501 0.0117103 1
1.72404 1.4988 0.0107532 1
1.83412 1.40837 0.00987418 1
1.95123 1.32336 0.00906695 1
2.07582 1.24346 0.00832561 1
2.20837 1.16835 0.00764479 1
2.34938 1.09775 0.00701955 1
2.49939 1.03139 0.00644535 1
2.65899 0.969004 0.00591804 1
2.82877 0.910367 0.00543378 1
3.00939 0.855249 0.00498906 1
3.20155 0.803439 0.00458066 1
3.40598 0.754739 0.0042056 1
3.62346 0.708962 0.00386118 1
3.85483 0.665932 0.00354489 1
4.10097 0.625485 0.00325443 1
4.36282 0.587465 0.00298769 1
4.6414 0.551728 0.00274275 1
4.93777 0.518135 0.00251782 1
5.25306 0.486559 0.00231126 1
5.58848 0.456878 0.00212158 1
5.94532 0.428979 0.00194741 1
6.32494 0.402755 0.00178747 1
6.7288 0.378105 0.0016406 3.60305
7.15845 0.35533 0.00150658 3.62454
7.61554 0.33425 0.00138417 3.64763
8.10181 0.3147 0.00127227 3.67225
8.61913 0.296536 0.0011699 3.69836
9.16948 0.27963 0.00107617 3.72589
9.75498 0.263867 0.000990287 3.75479
10.3779 0.249144 0.000911534 3.78499
11.0405 0.235372 0.000839274 3.81645
11.7455 0.222469 0.00077293 3.84909
12.4955 0.210363 0.00071198 3.88287
13.2933 0.198987 0.000655957 3.91772
14.1421 0.188285 0.000604435 3.95358
15.0451 0.178204 0.000557031 3.99041
16.0058 0.168698 0.000513397 4.02813
17.0278 0.159724 0.000473219 4.06669
18.1151 0.151244 0.000436209 4.10603
19.2718 0.143223 0.000402107 4.14609
20.5023 0.135632 0.000370676 4.18682
21.8115 0.128441 0.000341699 4.22814
23.2042 0.121625 0.00031498 4.27001
24.6858 0.115161 0.000290337 4.31236
26.2621 0.109027 0.000267605 4.35511
27.939 0.103203 0.000246635 4.39823
29.723 0.0976727 0.000227286 4.44162
31.6209 0.0924185 0.000209433 4.48523
33.6399 0.0874254 0.000192958 4.529
35.7879 0.0826792 0.000177754 4.57283
38.0731 0.078167 0.000163724 4.61667
40.5041 0.0738765 0.000150776 4.66044
43.0904 0.0697965 0.000138827 4.70406
45.8419 0.0659164 0.000127801 4.74744
48.769 0.0622262 0.000117626 4.79051
51.883 0.0587168 0.000108237 4.83317
55.1959 0.0553794 9.95744e-05 4.87532
58.7203 0.0522059 9.15824e-05 4.91689
62.4697 0.0491884 8.42097e-05 4.95775
66.4586 0.0463196 7.74091e-05 4.99781
70.7021 0.0435928 7.1137e-05 5.03697
75.2166 0.0410012 6.5353e-05 5.07509
80.0194 0.0385388 6.00199e-05 5.11207
85.1288 0.0361996 5.51032e-05 5.14777
90.5645 0.0339781 5.05712e-05 5.18207
96.3473 0.0318689 4.63944e-05 5.21483
102.499 0.029867 4.25458e-05 5.2459
109.044 0.0279676 3.90002e-05 5.27514
116.007 0.0261661 3.57345e-05 5.30239
123.414 0.0244581 3.27272e-05 5.32749
131.295 0.0228394 2.99584e-05 5.35026
139.678 0.0213062 2.74099e-05 5.37054
148.597 0.0198546 2.50648e-05 5.38815
158.085 0.0184809 2.29073e-05 5.40289
168.179 0.0171819 2.09231e-05 5.41458
178.918 0.015954 1.90987e-05 5.42301
190.342 0.0147944 1.74219e-05 5.428
202.496 0.0136998 1.58812e-05 5.42932
215.426 0.0126675 1.44661e-05 5.42679
229.182 0.0116948 1.31668e-05 5.42017
243.815 0.0107789 1.19743e-05 5.40927
259.384 0.00991753 1.08804e-05 5.39388
275.946 0.00910815 9.87725e-06 5.37377
293.566 0.00834851 8.95786e-06 5.34877
312.311 0.00763643 8.11565e-06 5.31865
332.253 0.00696979 7.34458e-06 5.28324
353.468 0.00634659 6.63905e-06 5.24236
376.038 0.00576487 5.9939e-06 5.19584
400.048 0.00522278 5.40436e-06 5.14353
425.593 0.00471852 4.86603e-06 5.08531
452.768 0.00425034 4.37485e-06 5.02106
481.678 0.00381657 3.92705e-06 4.9507
512.435 0.00341557 3.51917e-06 4.87418
545.155 0.00304576 3.148e-06 4.79148
579.964 0.0027056 2.81059e-06 4.70261
616.996 0.00239357 2.50419e-06 4.60762
656.393 0.00210821 2.22628e-06 4.50659
698.306 0.00184807 1.97452e-06 4.39965
742.894 0.00161173 1.74674e-06 4.28695
790.33 0.0013978 1.54093e-06 4.16869
840.795 0.0012049 1.35523e-06 4.04509
894.481 0.00103168 1.18793e-06 3.9164
951.596 0.000876812 1.03741e-06 3.78284
1012.36 0.000738977 9.02173e-07 3.64467
1077 0.000616885 7.80828e-07 3.50206
1145.77 0.00050927 6.72057e-07 3.35513
1218.93 0.000414891 5.74616e-07 3.20385
1296.76 0.000332538 4.87315e-07 3.048
1379.56 0.000261034 4.08994e-07 2.887
1467.65 0.000199247 3.38487e-07 2.71976
1561.36 0.000146087 2.74556e-07 2.54429
1661.06 0.000100521 2.15741e-07 2.35701
1767.12 6.15752e-05 1.59951e-07 2.15086
1879.96 2.83445e-05 1.02801e-07 1.90857
