6958016 4.15983e+06
0.1 3.67275 0.2033 1
0.106385 3.4523 0.186713 1
0.113178 3.24506 0.171479 1
0.120405 3.05025 0.157487 1
0.128093 2.86711 0.144637 1
0.136272 2.69496 0.132835 1
0.144974 2.53313 0.121995 1
0.15423 2.381 0.11204 1
0.164078 2.238 0.102897 1
0.174555 2.10357 0.0944994 1
0.185701 1.9772 0.086787 1
0.197559 1.85841 0.0797038 1
0.210173 1.74675 0.0731984 1
0.223593 1.64178 0.0672237 1
0.23787 1.5431 0.0617365 1
0.253059 1.45035 0.0566969 1
0.269217 1.36316 0.0520684 1
0.286408 1.28119 0.0478176 1
0.304695 1.20415 0.0439136 1
0.324151 1.13172 0.0403281 1
0.344849 1.06364 0.0370351 1
0.366868 0.999643 0.0340109 1
0.390294 0.939484 0.0312334 1
0.415215 0.882934 0.0286825 1
0.441728 0.829776 0.0263398 1
0.469933 0.779807 0.0241882 1
0.499939 0.732836 0.0222122 1
0.531862 0.688682 0.0203975 1
0.565823 0.647177 0.0187309 1
0.601952 0.608162 0.0172003 1
0.640388 0.571487 0.0157946 1
0.681278 0.537013 0.0145036 1
0.72478 0.504607 0.013318 1
0.771059 0.474145 0.0122291 1
0.820293 0.445511 0.0112292 1
0.872671 0.418595 0.0103109 1
0.928393 0.393293 0.00946749 1
0.987673 0.36951 0.00869297 1
1.05074 0.347153 0.00798169 1
1.11783 0.326138 0.00732848 1
1.18921 0.306384 0.0067286 1
1.26514 0.287815 0.00617771 1
1.34592 0.270361 0.0056718 1
1.43186 0.253953 0.0052072 1
1.52329 0.23853 0.00478055 1
1.62056 0.224033 0.00438875 1
1.72404 0.210405 0.00402895 1
1.83412 0.197595 0.00369855 1
1.95123 0.185554 0.00339513 1
2.07582 0.174236 0.00311651 1
2.20837 0.163596 0.00286065 1
2.34938 0.153595 0.00262571 1
2.49939 0.144194 0.00240996 1
2.65899 0.135357 0.00221185 1
2.82877 0.127051 0.00202994 1
3.00939 0.119243 0.0018629 1
3.20155 0.111904 0.00170952 1
3.40598 0.105005 0.00156868 1
3.62346 0.0985199 0.00143936 1
3.85483 0.0924242 0.00132063 1
4.10097 0.0866943 0.00121161 1
4.36282 0.0813083 0.00111151 1
4.6414 0.0762456 0.0010196 1
4.93777 0.0714868 0.000935223 1
5.25306 0.0670136 0.000857754 1
5.58848 0.0628089 0.00078663 1
5.94532 0.0588566 0.000721334 1
6.32494 0.0551415 0.000661389 1
6.7288 0.0516494 0.000606358 2.05781
7.15845 0.0487635 0.000558113 2.06525
7.61554 0.0463769 0.00051559 2.07559
8.10181 0.0443988 0.000477879 2.0887
8.61913 0.042752 0.000444211 2.10444
9.16948 0.0413712 0.000413941 2.12265
9.75498 0.0402013 0.000386535 2.1432
10.3779 0.0391962 0.000361551 2.16591
11.0405 0.0383176 0.00033863 2.19064
11.7455 0.0375336 0.000317479 2.21724
12.4955 0.0368181 0.000297862 2.24558
13.2933 0.03615 0.000279587 2.27552
14.1421 0.0355121 0.0002625 2.30694
15.0451 0.0348908 0.000246476 2.33972
16.0058 0.0342756 0.000231415 2.37374
17.0278 0.0336584 0.000217232 2.40891
18.1151 0.0330331 0.000203859 2.44514
19.2718 0.0323956 0.00019124 2.48232
20.5023 0.0317431 0.000179324 2.52038
21.8115 0.031074 0.00016807 2.55925
23.2042 0.0303876 0.000157442 2.59883
24.6858 0.0296842 0.000147405 2.63907
26.2621 0.0289644 0.000137931 2.6799
27.939 0.0282294 0.000128991 2.72125
29.723 0.0274809 0.00012056 2.76306
31.6209 0.0267207 0.000112613 2.80528
33.6399 0.0259507 0.000105128 2.84784
35.7879 0.025173 9.80821e-05 2.89069
38.0731 0.0243898 9.14546e-05 2.93378
40.5041 0.0236033 8.52248e-05 2.97704
43.0904 0.0228155 7.93732e-05 3.02043
45.8419 0.0220286 7.38807e-05 3.06388
48.769 0.0212445 6.87288e-05 3.10735
51.883 0.020465 6.39e-05 3.15078
55.1959 0.019692 5.9377e-05 3.19411
58.7203 0.018927 5.51433e-05 3.23729
62.4697 0.0181716 5.11832e-05 3.28025
66.4586 0.0174271 4.74813e-05 3.32293
70.7021 0.0166948 4.4023e-05 3.36527
75.2166 0.0159759 4.07943e-05 3.40721
80.0194 0.0152713 3.77819e-05 3.44868
85.1288 0.0145818 3.49728e-05 3.4896
90.5645 0.0139084 3.2355e-05 3.52991
96.3473 0.0132515 2.99168e-05 3.56952
102.499 0.0126118 2.7647e-05 3.60836
109.044 0.0119896 2.55354e-05 3.64635
116.007 0.0113854 2.35718e-05 3.68338
123.414 0.0107994 2.17469e-05 3.71938
131.295 0.0102318 2.00518e-05 3.75425
139.678 0.00968274 1.84779e-05 3.78788
148.597 0.00915221 1.70175e-05 3.82017
158.085 0.00864024 1.5663e-05 3.85101
168.179 0.00814675 1.44073e-05 3.88028
178.918 0.00767162 1.32438e-05 3.90786
190.342 0.00721471 1.21663e-05 3.93362
202.496 0.0067758 1.11688e-05 3.95744
215.426 0.00635468 1.0246e-05 3.97916
229.182 0.00595107 9.39252e-06 3.99866
243.815 0.00556469 8.60367e-06 4.01578
259.384 0.00519523 7.87489e-06 4.03036
275.946 0.00484235 7.20193e-06 4.04225
293.566 0.00450572 6.58084e-06 4.05128
312.311 0.00418496 6.00792e-06 4.05728
332.253 0.00387972 5.4797e-06 4.06007
353.468 0.0035896 4.99297e-06 4.05947
376.038 0.00331423 4.54471e-06 4.0553
400.048 0.00305322 4.13211e-06 4.04738
425.593 0.00280616 3.75256e-06 4.0355
452.768 0.00257265 3.40362e-06 4.01948
481.678 0.00235231 3.08302e-06 3.99913
512.435 0.00214472 2.78865e-06 3.97423
545.155 0.0019495 2.51854e-06 3.94461
579.964 0.00176622 2.27085e-06 3.91005
616.996 0.0015945 2.04389e-06 3.87036
656.393 0.00143394 1.83607e-06 3.82533
698.306 0.00128413 1.64591e-06 3.77478
742.894 0.00114468 1.47205e-06 3.71848
790.33 0.00101519 1.3132e-06 3.65625
840.795 0.00089525 1.16818e-06 3.58785
894.481 0.000784477 1.03587e-06 3.51306
951.596 0.000682469 9.15244e-07 3.43164
1012.36 0.00058883 8.05322e-07 3.34331
1077 0.000503164 7.05193e-07 3.24775
1145.77 0.000425077 6.13996e-07 3.14458
1218.93 0.000354177 5.3091e-07 3.03329
1296.76 0.000290073 4.55138e-07 2.91324
1379.56 0.000232379 3.85892e-07 2.78354
1467.65 0.000180713 3.2236e-07 2.64289
1561.36 0.000134699 2.63638e-07 2.48929
1661.06 9.3972e-05 2.08595e-07 2.31937
1767.12 5.81734e-05 1.5547e-07 2.12666
1879.96 2.69593e-05 1.00257e-07 1.89515
