7242358 4.32983e+06
0.1 2.07934 0.152969 1
0.106385 1.95452 0.140489 1
0.113178 1.83719 0.129026 1
0.120405 1.72688 0.118497 1
0.128093 1.62318 0.108828 1
0.136272 1.52569 0.0999468 1
0.144974 1.43405 0.0917901 1
0.15423 1.3479 0.0842987 1
0.164078 1.26691 0.0774184 1
0.174555 1.19077 0.0710992 1
0.185701 1.1192 0.0652955 1
0.197559 1.05192 0.0599651 1
0.210173 0.988669 0.0550696 1
0.223593 0.929211 0.0505735 1
0.23787 0.873318 0.0464441 1
0.253059 0.820775 0.0426516 1
0.269217 0.771382 0.0391684 1
0.286408 0.72495 0.0359695 1
0.304695 0.681302 0.0330316 1
0.324151 0.640271 0.0303333 1
0.344849 0.6017 0.0278552 1
0.366868 0.565442 0.0255793 1
0.390294 0.531358 0.0234892 1
0.415215 0.499318 0.0215696 1
0.441728 0.469199 0.0198066 1
0.469933 0.440886 0.0181875 1
0.499939 0.414271 0.0167006 1
0.531862 0.389252 0.015335 1
0.565823 0.365734 0.0140809 1
0.601952 0.343626 0.0129291 1
0.640388 0.322844 0.0118714 1
0.681278 0.303308 0.0109 1
0.72478 0.284944 0.0100079 1
0.771059 0.267682 0.00918861 1
0.820293 0.251455 0.00843624 1
0.872671 0.236201 0.00774531 1
0.928393 0.221862 0.0071108 1
0.987673 0.208384 0.00652811 1
1.05074 0.195714 0.005993 1
1.11783 0.183804 0.00550161 1
1.18921 0.172608 0.00505035 1
1.26514 0.162084 0.00463596 1
1.34592 0.152191 0.00425543 1
1.43186 0.142892 0.00390599 1
1.52329 0.134151 0.00358511 1
1.62056 0.125934 0.00329046 1
1.72404 0.11821 0.00301989 1
1.83412 0.110949 0.00277143 1
1.95123 0.104124 0.0025433 1
2.07582 0.0977087 0.00233382 1
2.20837 0.0916782 0.00214147 1
2.34938 0.0860095 0.00196486 1
2.49939 0.0806809 0.00180269 1
2.65899 0.075672 0.0016538 1
2.82877 0.0709637 0.00151709 1
3.00939 0.0665379 0.00139158 1
3.20155 0.0623777 0.00127634 1
3.40598 0.0584671 0.00117054 1
3.62346 0.0547913 0.00107341 1
3.85483 0.051336 0.000984234 1
4.10097 0.048088 0.00090237 1
4.36282 0.045035 0.000827218 1
4.6414 0.0421652 0.00075823 1
4.93777 0.0394677 0.000694902 1
5.25306 0.0369321 0.000636771 1
5.58848 0.0345487 0.000583413 1
5.94532 0.0323083 0.000534436 1
6.32494 0.0302025 0.000489484 1
6.7288 0.0282231 0.000448227 1.87283
7.15845 0.0267589 0.000413437 1.87887
7.61554 0.0257089 0.00038388 1.88842
8.10181 0.024987 0.000358501 1.90129
8.61913 0.0245211 0.000336419 1.91726
9.16948 0.0242502 0.000316918 1.93611
9.75498 0.0241236 0.000299426 1.95759
10.3779 0.0240992 0.000283497 1.98149
11.0405 0.0241424 0.000268792 2.00758
11.7455 0.0242249 0.000255056 2.03567
12.4955 0.0243239 0.000242103 2.06556
13.2933 0.0244213 0.000229798 2.09708
14.1421 0.024503 0.000218047 2.13009
15.0451 0.0245581 0.000206784 2.16444
16.0058 0.0245786 0.000195964 2.2
17.0278 0.0245589 0.000185559 2.23666
18.1151 0.0244954 0.000175549 2.27431
19.2718 0.0243858 0.000165922 2.31287
20.5023 0.0242295 0.00015667 2.35224
21.8115 0.0240268 0.000147789 2.39234
23.2042 0.0237789 0.000139273 2.4331
24.6858 0.0234875 0.00013112 2.47445
26.2621 0.023155 0.000123325 2.51632
27.939 0.022784 0.000115884 2.55866
29.723 0.0223776 0.000108791 2.6014
31.6209 0.0219389 0.00010204 2.6445
33.6399 0.021471 9.56247e-05 2.68789
35.7879 0.0209774 8.9536e-05 2.73152
38.0731 0.0204611 8.37656e-05 2.77535
40.5041 0.0199254 7.83039e-05 2.81932
43.0904 0.0193734 7.3141e-05 2.86337
45.8419 0.0188079 6.82665e-05 2.90747
48.769 0.0182319 6.36697e-05 2.95156
51.883 0.0176481 5.93394e-05 2.99559
55.1959 0.0170588 5.52646e-05 3.03951
58.7203 0.0164665 5.14342e-05 3.08326
62.4697 0.0158733 4.7837e-05 3.12678
66.4586 0.0152812 4.44619e-05 3.17003
70.7021 0.0146921 4.12981e-05 3.21294
75.2166 0.0141076 3.83348e-05 3.25546
80.0194 0.0135293 3.55617e-05 3.29752
85.1288 0.0129584 3.29686e-05 3.33905
90.5645 0.0123963 3.05457e-05 3.37999
96.3473 0.011844 2.82834e-05 3.42026
102.499 0.0113024 2.61726e-05 3.45979
109.044 0.0107724 2.42045e-05 3.4985
116.007 0.0102547 2.23707e-05 3.53632
123.414 0.00974979 2.06631e-05 3.57314
131.295 0.00925829 1.9074e-05 3.60889
139.678 0.00878056 1.75961e-05 3.64346
148.597 0.00831693 1.62224e-05 3.67676
158.085 0.00786766 1.49463e-05 3.70868
168.179 0.00743291 1.37616e-05 3.73912
178.918 0.0070128 1.26624e-05 3.76795
190.342 0.00660739 1.1643e-05 3.79506
202.496 0.00621667 1.06981e-05 3.82032
215.426 0.00584061 9.82279e-06 3.84359
229.182 0.00547912 9.01239e-06 3.86475
243.815 0.00513208 8.26248e-06 3.88364
259.384 0.00479934 7.5689e-06 3.90013
275.946 0.0044807 6.92777e-06 3.91404
293.566 0.00417597 6.33546e-06 3.92523
312.311 0.0038849 5.78853e-06 3.93353
332.253 0.00360727 5.2838e-06 3.93877
353.468 0.00334279 4.81826e-06 3.94076
376.038 0.0030912 4.38912e-06 3.93933
400.048 0.00285219 3.99377e-06 3.9343
425.593 0.00262549 3.62975e-06 3.92547
452.768 0.00241077 3.2948e-06 3.91265
481.678 0.00220773 2.98677e-06 3.89564
512.435 0.00201605 2.7037e-06 3.87425
545.155 0.0018354 2.44372e-06 3.84827
579.964 0.00166546 2.20512e-06 3.81749
616.996 0.0015059 1.98629e-06 3.78171
656.393 0.00135639 1.78573e-06 3.74072
698.306 0.0012166 1.60205e-06 3.6943
742.894 0.00108619 1.43395e-06 3.64225
790.33 0.000964823 1.28022e-06 3.58433
840.795 0.000852167 1.13973e-06 3.52031
894.481 0.000747881 1.01142e-06 3.44996
951.596 0.000651626 8.94324e-07 3.373
1012.36 0.000563061 7.87503e-07 3.28914
1077 0.000481847 6.90093e-07 3.19803
1145.77 0.000407641 6.01272e-07 3.09929
1218.93 0.000340105 5.20256e-07 2.9924
1296.76 0.000278899 4.46285e-07 2.87671
1379.56 0.000223686 3.78606e-07 2.75133
1467.65 0.000174134 3.16438e-07 2.61499
1561.36 0.000129913 2.58911e-07 2.46571
1661.06 9.0699e-05 2.0493e-07 2.30023
1767.12 5.61776e-05 1.52779e-07 2.11225
1879.96 2.60428e-05 9.85384e-08 1.88614
