1772956 1.05996e+06
0.1 168.543 1.3772 1
0.106385 158.426 1.26484 1
0.113178 148.917 1.16164 1
0.120405 139.978 1.06686 1
0.128093 131.575 0.979812 1
0.136272 123.676 0.899866 1
0.144974 116.251 0.826441 1
0.15423 109.271 0.759006 1
0.164078 102.71 0.697073 1
0.174555 96.5427 0.640192 1
0.185701 90.7453 0.587951 1
0.197559 85.2957 0.539972 1
0.210173 80.1731 0.495908 1
0.223593 75.3577 0.455438 1
0.23787 70.8313 0.41827 1
0.253059 66.5764 0.384134 1
0.269217 62.5768 0.352784 1
0.286408 58.8172 0.323991 1
0.304695 55.2831 0.297547 1
0.324151 51.961 0.27326 1
0.344849 48.8383 0.250956 1
0.366868 45.903 0.230471 1
0.390294 43.1437 0.211657 1
0.415215 40.55 0.194379 1
0.441728 38.112 0.17851 1
0.469933 35.8202 0.163936 1
0.499939 33.6659 0.150551 1
0.531862 31.6409 0.138259 1
0.565823 29.7374 0.126969 1
0.601952 27.9481 0.116601 1
0.640388 26.2662 0.107079 1
0.681278 24.6852 0.0983335 1
0.72478 23.1991 0.090302 1
0.771059 21.8022 0.0829259 1
0.820293 20.4891 0.0761518 1
0.872671 19.2547 0.0699305 1
0.928393 18.0945 0.0642169 1
0.987673 17.0039 0.0589697 1
1.05074 15.9787 0.0541507 1
1.11783 15.015 0.0497251 1
1.18921 14.1092 0.0456607 1
1.26514 13.2577 0.041928 1
1.34592 12.4573 0.0385001 1
1.43186 11.705 0.0353519 1
1.52329 10.9978 0.0324608 1
1.62056 10.333 0.0298057 1
1.72404 9.70818 0.0273674 1
1.83412 9.12082 0.0251281 1
1.95123 8.56871 0.0230717 1
2.07582 8.04974 0.0211832 1
2.20837 7.56191 0.0194489 1
2.34938 7.10336 0.0178562 1
2.49939 6.67234 0.0163936 1
2.65899 6.26718 0.0150505 1
2.82877 5.88634 0.0138171 1
3.00939 5.52836 0.0126844 1
3.20155 5.19186 0.0116443 1
3.40598 4.87557 0.0106891 1
3.62346 4.57825 0.00981203 1
3.85483 4.29879 0.0090066 1
4.10097 4.0361 0.00826699 1
4.36282 3.78919 0.00758784 1
4.6414 3.55709 0.0069642 1
4.93777 3.33894 0.00639156 1
5.25306 3.13388 0.00586573 1
5.58848 2.94113 0.00538291 1
5.94532 2.75996 0.00493958 1
6.32494 2.58966 0.00453251 1
6.7288 2.4296 0.00415876 8.76885
7.15845 2.27954 0.00381592 8.83515
7.61554 2.13883 0.0035014 8.90223
8.10181 2.00684 0.00321284 8.97
8.61913 1.88299 0.00294805 9.03839
9.16948 1.76675 0.00270506 9.10731
9.75498 1.65762 0.00248205 9.17667
10.3779 1.55515 0.00227737 9.24639
11.0405 1.45891 0.00208949 9.31635
11.7455 1.3685 0.00191702 9.38647
12.4955 1.28355 0.00175869 9.45664
13.2933 1.20372 0.00161334 9.52673
14.1421 1.12868 0.00147988 9.59664
15.0451 1.05814 0.00135735 9.66623
16.0058 0.991827 0.00124485 9.73537
17.0278 0.929469 0.00114155 9.80393
18.1151 0.870828 0.0010467 9.87175
19.2718 0.815677 0.000959608 9.93869
20.5023 0.763804 0.000879639 10.0046
21.8115 0.715013 0.000806212 10.0692
23.2042 0.669116 0.000738791 10.1324
24.6858 0.625942 0.000676888 10.1941
26.2621 0.585327 0.000620052 10.2539
27.939 0.547121 0.00056787 10.3117
29.723 0.51118 0.000519964 10.3672
31.6209 0.477372 0.000475985 10.4202
33.6399 0.445571 0.000435614 10.4705
35.7879 0.415662 0.000398559 10.5178
38.0731 0.387532 0.000364548 10.5618
40.5041 0.361081 0.000333336 10.6022
43.0904 0.33621 0.000304694 10.6387
45.8419 0.31283 0.000278414 10.671
48.769 0.290855 0.000254304 10.6988
51.883 0.270205 0.000232189 10.7217
55.1959 0.250805 0.000211905 10.7393
58.7203 0.232585 0.000193305 10.7513
62.4697 0.215478 0.000176251 10.7574
66.4586 0.199422 0.000160619 10.757
70.7021 0.184359 0.000146292 10.7498
75.2166 0.170233 0.000133165 10.7353
80.0194 0.156994 0.00012114 10.7132
85.1288 0.144592 0.000110128 10.6831
90.5645 0.132982 0.000100046 10.6444
96.3473 0.12212 9.08189e-05 10.5968
102.499 0.111967 8.2377e-05 10.5397
109.044 0.102484 7.46564e-05 10.4729
116.007 0.0936344 6.75984e-05 10.3959
123.414 0.0853851 6.11488e-05 10.3082
131.295 0.0777039 5.52583e-05 10.2095
139.678 0.0705603 4.9881e-05 10.0995
148.597 0.0639258 4.4975e-05 9.97786
158.085 0.0577732 4.05019e-05 9.84426
168.179 0.0520767 3.64261e-05 9.69848
178.918 0.0468118 3.2715e-05 9.54037
190.342 0.0419553 2.93387e-05 9.36982
202.496 0.0374848 2.62697e-05 9.18679
215.426 0.0333791 2.34824e-05 8.99133
229.182 0.0296178 2.09537e-05 8.78359
243.815 0.0261813 1.8662e-05 8.56382
259.384 0.0230508 1.65877e-05 8.33236
275.946 0.0202082 1.47124e-05 8.0897
293.566 0.0176358 1.30196e-05 7.83644
312.311 0.0153166 1.14937e-05 7.57331
332.253 0.0132342 1.01206e-05 7.30118
353.468 0.0113725 8.88717e-06 7.02106
376.038 0.00971592 7.78138e-06 6.73411
400.048 0.00824937 6.79209e-06 6.44161
425.593 0.00695813 5.90906e-06 6.14499
452.768 0.00582792 5.1228e-06 5.84577
481.678 0.00484493 4.42459e-06 5.5456
512.435 0.00399578 3.80635e-06 5.24622
545.155 0.00326761 3.26064e-06 4.94944
579.964 0.0026481 2.78056e-06 4.65707
616.996 0.00212545 2.35977e-06 4.37099
656.393 0.00168852 1.9924e-06 4.09299
698.306 0.00132677 1.67302e-06 3.82486
742.894 0.00103039 1.39663e-06 3.56824
790.33 0.000790256 1.15863e-06 3.32465
840.795 0.000598021 9.54765e-07 3.09544
894.481 0.000446095 7.81143e-07 2.88173
951.596 0.000327671 6.34183e-07 2.6844
1012.36 0.000236718 5.1061e-07 2.50406
1077 0.000167964 4.07438e-07 2.34104
1145.77 0.000116872 3.2195e-07 2.19537
1218.93 7.95985e-05 2.51688e-07 2.06678
1296.76 5.29398e-05 1.94438e-07 1.95471
1379.56 3.42771e-05 1.48207e-07 1.85833
1467.65 2.15089e-05 1.11213e-07 1.77654
1561.36 1.29819e-05 8.18454e-08 1.70796
1661.06 7.42024e-06 5.86156e-08 1.65081
1767.12 3.85663e-06 4.00301e-08 1.60265
1879.96 1.56531e-06 2.41581e-08 1.55925
