2408544 1.43994e+06
0.1 101.283 1.0676 1
0.106385 95.2038 0.9805 1
0.113178 89.4893 0.900502 1
0.120405 84.1176 0.82703 1
0.128093 79.0681 0.759552 1
0.136272 74.3216 0.697578 1
0.144974 69.8598 0.640661 1
0.15423 65.6657 0.588386 1
0.164078 61.7233 0.540376 1
0.174555 58.0173 0.496283 1
0.185701 54.5337 0.455787 1
0.197559 51.2591 0.418595 1
0.210173 48.181 0.384437 1
0.223593 45.2876 0.353065 1
0.23787 42.5678 0.324253 1
0.253059 40.0111 0.297792 1
0.269217 37.6079 0.27349 1
0.286408 35.3488 0.25117 1
0.304695 33.2253 0.230671 1
0.324151 31.2292 0.211845 1
0.344849 29.3529 0.194555 1
0.366868 27.5892 0.178675 1
0.390294 25.9313 0.164091 1
0.415215 24.3729 0.150697 1
0.441728 22.9079 0.138396 1
0.469933 21.5309 0.127099 1
0.499939 20.2366 0.116723 1
0.531862 19.0199 0.107194 1
0.565823 17.8762 0.0984427 1
0.601952 16.8011 0.0904053 1
0.640388 15.7905 0.0830238 1
0.681278 14.8406 0.0762446 1
0.72478 13.9477 0.0700185 1
0.771059 13.1084 0.0643006 1
0.820293 12.3194 0.0590492 1
0.872671 11.5778 0.0542264 1
0.928393 10.8807 0.0497972 1
0.987673 10.2254 0.0457294 1
1.05074 9.60947 0.0419937 1
1.11783 9.03048 0.0385628 1
1.18921 8.48624 0.0354119 1
1.26514 7.97465 0.0325182 1
1.34592 7.49377 0.0298606 1
1.43186 7.04175 0.02742 1
1.52329 6.61685 0.0251786 1
1.62056 6.21746 0.0231202 1
1.72404 5.84203 0.0212298 1
1.83412 5.48914 0.0194937 1
1.95123 5.15742 0.0178994 1
2.07582 4.84561 0.0164352 1
2.20837 4.55252 0.0150905 1
2.34938 4.27702 0.0138557 1
2.49939 4.01805 0.0127217 1
2.65899 3.77462 0.0116802 1
2.82877 3.54581 0.0107239 1
3.00939 3.33072 0.00984559 1
3.20155 3.12855 0.00903905 1
3.40598 2.93851 0.00829839 1
3.62346 2.75988 0.00761823 1
3.85483 2.59197 0.00699363 1
4.10097 2.43414 0.00642006 1
4.36282 2.28578 0.00589335 1
4.6414 2.14633 0.00540969 1
4.93777 2.01525 0.00496555 1
5.25306 1.89204 0.00455771 1
5.58848 1.77622 0.0041832 1
5.94532 1.66736 0.00383932 1
6.32494 1.56504 0.00352355 1
6.7288 1.46886 0.0032336 6.69711
7.15845 1.37885 0.00296779 6.74632
7.61554 1.29457 0.00272406 6.79657
8.10181 1.21562 0.00250052 6.84783
8.61913 1.14162 0.00229547 6.90001
9.16948 1.07223 0.00210734 6.95308
9.75498 1.00715 0.00193471 7.00695
10.3779 0.946061 0.00177626 7.06156
11.0405 0.888714 0.00163082 7.11686
11.7455 0.834854 0.00149731 7.17275
12.4955 0.784254 0.00137471 7.22918
13.2933 0.7367 0.00126214 7.28606
14.1421 0.691996 0.00115876 7.34331
15.0451 0.649959 0.00106381 7.40086
16.0058 0.61042 0.000976591 7.45861
17.0278 0.573221 0.000896475 7.51647
18.1151 0.538217 0.000822877 7.57435
19.2718 0.505271 0.000755261 7.63215
20.5023 0.474258 0.00069314 7.68976
21.8115 0.445058 0.000636064 7.74707
23.2042 0.417562 0.000583622 7.80396
24.6858 0.391667 0.000535437 7.86032
26.2621 0.367278 0.000491163 7.91601
27.939 0.344304 0.000450483 7.97091
29.723 0.322663 0.000413105 8.02485
31.6209 0.302276 0.000378762 8.07771
33.6399 0.283069 0.000347208 8.12931
35.7879 0.264974 0.000318217 8.17949
38.0731 0.247927 0.000291583 8.22808
40.5041 0.231867 0.000267115 8.2749
43.0904 0.216737 0.000244639 8.31974
45.8419 0.202486 0.000223993 8.3624
48.769 0.189063 0.000205031 8.40268
51.883 0.17642 0.000187616 8.44035
55.1959 0.164516 0.000171624 8.47516
58.7203 0.153307 0.00015694 8.50689
62.4697 0.142755 0.000143459 8.53527
66.4586 0.132825 0.000131084 8.56004
70.7021 0.123481 0.000119726 8.58091
75.2166 0.114692 0.000109304 8.59761
80.0194 0.106427 9.97407e-05 8.60983
85.1288 0.098658 9.09685e-05 8.61726
90.5645 0.0913575 8.29231e-05 8.6196
96.3473 0.0845007 7.55461e-05 8.61651
102.499 0.0780636 6.87836e-05 8.60767
109.044 0.0720239 6.25861e-05 8.59274
116.007 0.0663605 5.6908e-05 8.57138
123.414 0.0610535 5.17074e-05 8.54324
131.295 0.0560841 4.69457e-05 8.50798
139.678 0.0514346 4.25875e-05 8.46527
148.597 0.0470884 3.86003e-05 8.41477
158.085 0.0430295 3.49539e-05 8.35616
168.179 0.0392431 3.16208e-05 8.28912
178.918 0.0357151 2.85756e-05 8.21337
190.342 0.032432 2.5795e-05 8.12862
202.496 0.0293813 2.32575e-05 8.03465
215.426 0.0265507 2.09432e-05 7.93122
229.182 0.0239289 1.88341e-05 7.81819
243.815 0.0215049 1.69134e-05 7.69541
259.384 0.0192682 1.51657e-05 7.56281
275.946 0.0172089 1.35768e-05 7.42039
293.566 0.0153174 1.21337e-05 7.26819
312.311 0.0135845 1.08243e-05 7.10635
332.253 0.0120014 9.63767e-06 6.93506
353.468 0.0105593 8.56354e-06 6.75464
376.038 0.00925014 7.59257e-06 6.56546
400.048 0.00806581 6.7161e-06 6.36803
425.593 0.00699851 5.92618e-06 6.16294
452.768 0.00604066 5.21546e-06 5.95089
481.678 0.00518487 4.57719e-06 5.7327
512.435 0.00442396 4.00511e-06 5.50929
545.155 0.00375092 3.49346e-06 5.28169
579.964 0.00315893 3.03693e-06 5.05103
616.996 0.00264135 2.63062e-06 4.81854
656.393 0.00219177 2.26997e-06 4.58552
698.306 0.00180397 1.95082e-06 4.35333
742.894 0.00147195 1.66927e-06 4.12338
790.33 0.00118996 1.42176e-06 3.89712
840.795 0.000952529 1.20497e-06 3.67598
894.481 0.000754451 1.01586e-06 3.46136
951.596 0.000590831 8.51584e-07 3.25461
1012.36 0.000457098 7.09543e-07 3.05696
1077 0.000349018 5.87323e-07 2.86953
1145.77 0.000262712 4.82694e-07 2.69324
1218.93 0.000194659 3.93593e-07 2.52879
1296.76 0.000141702 3.1811e-07 2.37659
1379.56 0.000101042 2.5446e-07 2.23668
1467.65 7.02304e-05 2.0096e-07 2.10864
1561.36 4.71498e-05 1.55979e-07 1.99136
1661.06 2.99923e-05 1.17844e-07 1.88267
1767.12 1.72313e-05 8.46139e-08 1.77846
1879.96 7.58881e-06 5.31923e-08 1.66972
