2977228 1.77993e+06
0.1 68.9411 0.880807 1
0.106385 64.8031 0.808944 1
0.113178 60.9134 0.742943 1
0.120405 57.257 0.682327 1
0.128093 53.82 0.626655 1
0.136272 50.5892 0.575525 1
0.144974 47.5523 0.528567 1
0.15423 44.6975 0.485439 1
0.164078 42.014 0.44583 1
0.174555 39.4916 0.409452 1
0.185701 37.1204 0.376041 1
0.197559 34.8916 0.345357 1
0.210173 32.7965 0.317176 1
0.223593 30.827 0.291294 1
0.23787 28.9758 0.267523 1
0.253059 27.2356 0.245692 1
0.269217 25.5999 0.225642 1
0.286408 24.0623 0.207228 1
0.304695 22.6169 0.190316 1
0.324151 21.2583 0.174784 1
0.344849 19.9812 0.160519 1
0.366868 18.7808 0.147418 1
0.390294 17.6523 0.135386 1
0.415215 16.5916 0.124336 1
0.441728 15.5946 0.114187 1
0.469933 14.6573 0.104867 1
0.499939 13.7763 0.0963066 1
0.531862 12.9482 0.0884449 1
0.565823 12.1698 0.0812247 1
0.601952 11.4381 0.0745936 1
0.640388 10.7503 0.0685036 1
0.681278 10.1037 0.0629105 1
0.72478 9.49598 0.0577739 1
0.771059 8.92472 0.0530564 1
0.820293 8.38774 0.0487238 1
0.872671 7.88298 0.0447448 1
0.928393 7.40851 0.0410905 1
0.987673 6.96252 0.0377345 1
1.05074 6.54329 0.0346523 1
1.11783 6.14922 0.0318216 1
1.18921 5.77879 0.029222 1
1.26514 5.4306 0.0268345 1
1.34592 5.10331 0.0246419 1
1.43186 4.79565 0.0226283 1
1.52329 4.50646 0.020779 1
1.62056 4.23463 0.0190806 1
1.72404 3.97911 0.0175209 1
1.83412 3.73892 0.0160885 1
1.95123 3.51315 0.014773 1
2.07582 3.30093 0.013565 1
2.20837 3.10145 0.0124555 1
2.34938 2.91394 0.0114366 1
2.49939 2.73768 0.0105009 1
2.65899 2.572 0.00964163 1
2.82877 2.41626 0.0088525 1
3.00939 2.26988 0.00812781 1
3.20155 2.13227 0.0074623 1
3.40598 2.00293 0.00685114 1
3.62346 1.88135 0.0062899 1
3.85483 1.76707 0.0057745 1
4.10097 1.65964 0.00530119 1
4.36282 1.55867 0.00486656 1
4.6414 1.46375 0.00446743 1
4.93777 1.37454 0.00410092 1
5.25306 1.29068 0.00376435 1
5.58848 1.21185 0.00345529 1
5.94532 1.13775 0.00317149 1
6.32494 1.06811 0.00291088 1
6.7288 1.00264 0.00267159 5.52908
7.15845 0.941503 0.00245237 5.5681
7.61554 0.884361 0.00225148 5.60832
8.10181 0.830916 0.00206734 5.64971
8.61913 0.780892 0.00189848 5.69219
9.16948 0.73404 0.00174361 5.73573
9.75498 0.690129 0.00160153 5.78026
10.3779 0.648951 0.00147114 5.82572
11.0405 0.610312 0.00135146 5.87206
11.7455 0.574036 0.00124158 5.91922
12.4955 0.539961 0.00114068 5.96714
13.2933 0.507938 0.00104802 6.01574
14.1421 0.47783 0.000962892 6.06498
15.0451 0.449509 0.000884686 6.11478
16.0058 0.422861 0.000812826 6.16506
17.0278 0.397776 0.000746787 6.21577
18.1151 0.374154 0.000686091 6.26682
19.2718 0.351905 0.0006303 6.31814
20.5023 0.330941 0.000579014 6.36965
21.8115 0.311183 0.000531864 6.42126
23.2042 0.292558 0.000488514 6.47288
24.6858 0.274998 0.000448657 6.52443
26.2621 0.258437 0.000412008 6.57581
27.939 0.242817 0.000378309 6.62691
29.723 0.228082 0.000347321 6.67764
31.6209 0.21418 0.000318826 6.72787
33.6399 0.201063 0.000292624 6.77751
35.7879 0.188686 0.00026853 6.82641
38.0731 0.177006 0.000246374 6.87447
40.5041 0.165984 0.000226003 6.92153
43.0904 0.155583 0.000207271 6.96747
45.8419 0.145767 0.00019005 7.01213
48.769 0.136504 0.000174216 7.05535
51.883 0.127764 0.000159661 7.09698
55.1959 0.119517 0.000146281 7.13684
58.7203 0.111736 0.000133983 7.17475
62.4697 0.104396 0.00012268 7.21053
66.4586 0.0974738 0.000112293 7.24397
70.7021 0.0909455 0.000102749 7.27487
75.2166 0.0847904 9.39811e-05 7.30301
80.0194 0.0789885 8.59266e-05 7.32818
85.1288 0.0735209 7.8529e-05 7.35013
90.5645 0.0683701 7.17359e-05 7.36863
96.3473 0.0635191 6.5499e-05 7.38343
102.499 0.0589523 5.97739e-05 7.39426
109.044 0.0546548 5.45197e-05 7.40086
116.007 0.0506126 4.9699e-05 7.40296
123.414 0.0468123 4.5277e-05 7.40027
131.295 0.0432417 4.12218e-05 7.39253
139.678 0.0398887 3.75042e-05 7.37942
148.597 0.0367424 3.40971e-05 7.36067
158.085 0.0337921 3.09756e-05 7.33598
168.179 0.031028 2.81169e-05 7.30507
178.918 0.0284406 2.54999e-05 7.26765
190.342 0.026021 2.31052e-05 7.22343
202.496 0.0237608 2.0915e-05 7.17216
215.426 0.0216519 1.89127e-05 7.11358
229.182 0.0196868 1.70833e-05 7.04745
243.815 0.0178581 1.54128e-05 6.97355
259.384 0.0161592 1.38884e-05 6.8917
275.946 0.0145833 1.24982e-05 6.80174
293.566 0.0131242 1.12315e-05 6.70353
312.311 0.011776 1.00781e-05 6.59702
332.253 0.0105329 9.02884e-06 6.48216
353.468 0.00938942 8.07523e-06 6.35898
376.038 0.00834017 7.20944e-06 6.22756
400.048 0.00738006 6.42426e-06 6.08805
425.593 0.00650413 5.71303e-06 5.94067
452.768 0.00570758 5.06964e-06 5.78573
481.678 0.00498573 4.48843e-06 5.62361
512.435 0.00433405 3.9642e-06 5.45478
545.155 0.00374809 3.49214e-06 5.27979
579.964 0.00322354 3.06784e-06 5.0993
616.996 0.00275618 2.68719e-06 4.91404
656.393 0.00234189 2.34642e-06 4.72484
698.306 0.00197665 2.04205e-06 4.53263
742.894 0.00165654 1.77085e-06 4.33837
790.33 0.00137776 1.52984e-06 4.14312
840.795 0.00113661 1.31627e-06 3.94799
894.481 0.000929507 1.12757e-06 3.7541
951.596 0.00075302 9.61388e-07 3.56257
1012.36 0.000603849 8.15527e-07 3.37453
1077 0.000478856 6.87948e-07 3.191
1145.77 0.00037507 5.76751e-07 3.01292
1218.93 0.000289702 4.8016e-07 2.84105
1296.76 0.00022015 3.96505e-07 2.67586
1379.56 0.000164013 3.24196e-07 2.51749
1467.65 0.000119092 2.6169e-07 2.3655
1561.36 8.33931e-05 2.07439e-07 2.21862
1661.06 5.51283e-05 1.59769e-07 2.0742
1767.12 3.27086e-05 1.16577e-07 1.9269
1879.96 1.47372e-05 7.41258e-08 1.76418
