301068 179993
0.1 1971.01 4.70962 1
0.106385 1852.69 4.32535 1
0.113178 1741.45 3.97241 1
0.120405 1636.87 3.64825 1
0.128093 1538.55 3.35052 1
0.136272 1446.11 3.07706 1
0.144974 1359.21 2.82591 1
0.15423 1277.51 2.59523 1
0.164078 1200.71 2.38337 1
0.174555 1128.5 2.18878 1
0.185701 1060.62 2.01006 1
0.197559 996.808 1.84592 1
0.210173 936.815 1.69517 1
0.223593 880.415 1.55672 1
0.23787 827.395 1.42955 1
0.253059 777.551 1.31277 1
0.269217 730.693 1.20551 1
0.286408 686.643 1.107 1
0.304695 645.232 1.01652 1
0.324151 606.303 0.933432 1
0.344849 569.706 0.857121 1
0.366868 535.303 0.787037 1
0.390294 502.962 0.722672 1
0.415215 472.559 0.663561 1
0.441728 443.978 0.609274 1
0.469933 417.111 0.559417 1
0.499939 391.854 0.513631 1
0.531862 368.111 0.471582 1
0.565823 345.792 0.432966 1
0.601952 324.81 0.397503 1
0.640388 305.087 0.364935 1
0.681278 286.547 0.335027 1
0.72478 269.118 0.307562 1
0.771059 252.734 0.28234 1
0.820293 237.333 0.259178 1
0.872671 222.855 0.237908 1
0.928393 209.246 0.218376 1
0.987673 196.454 0.20044 1
1.05074 184.428 0.18397 1
1.11783 173.124 0.168846 1
1.18921 162.499 0.154959 1
1.26514 152.51 0.142207 1
1.34592 143.122 0.130497 1
1.43186 134.296 0.119746 1
1.52329 126.001 0.109873 1
1.62056 118.203 0.100809 1
1.72404 110.874 0.0924864 1
1.83412 103.984 0.084845 1
1.95123 97.5086 0.0778293 1
2.07582 91.422 0.0713881 1
2.20837 85.7011 0.0654745 1
2.34938 80.324 0.0600455 1
2.49939 75.2702 0.0550615 1
2.65899 70.5202 0.0504861 1
2.82877 66.0559 0.046286 1
3.00939 61.8603 0.0424306 1
3.20155 57.9173 0.0388916 1
3.40598 54.2117 0.0356432 1
3.62346 50.7294 0.0326617 1
3.85483 47.457 0.0299253 1
4.10097 44.3821 0.0274139 1
4.36282 41.4928 0.0251091 1
4.6414 38.7781 0.0229941 1
4.93777 36.2276 0.0210534 1
5.25306 33.8316 0.0192727 1
5.58848 31.5807 0.0176389 1
5.94532 29.4664 0.01614 1
6.32494 27.4807 0.0147649 1
6.7288 25.6158 0.0135036 36.4501
7.15845 23.8651 0.0123469 36.6036
7.61554 22.2216 0.011286 36.7448
8.10181 20.6791 0.0103133 36.8726
8.61913 19.2315 0.00942145 36.9859
9.16948 17.8732 0.00860381 37.0836
9.75498 16.5989 0.0078543 37.1644
10.3779 15.4036 0.00716735 37.2272
11.0405 14.2828 0.00653782 37.2707
11.7455 13.232 0.00596099 37.2935
12.4955 12.2472 0.00543254 37.2942
13.2933 11.3246 0.0049485 37.2715
14.1421 10.4605 0.00450522 37.2238
15.0451 9.65148 0.00409937 37.1495
16.0058 8.8945 0.00372786 37.0473
17.0278 8.18652 0.00338787 36.9155
18.1151 7.52476 0.00307682 36.7525
19.2718 6.90658 0.00279233 36.5567
20.5023 6.32953 0.00253221 36.3266
21.8115 5.79128 0.00229445 36.0606
23.2042 5.28965 0.00207723 35.7571
24.6858 4.8226 0.00187884 35.4147
26.2621 4.3882 0.00169774 35.032
27.939 3.98462 0.0015325 34.6076
29.723 3.61015 0.00138181 34.1403
31.6209 3.26317 0.00124447 33.6291
33.6399 2.94215 0.00111938 33.0731
35.7879 2.64565 0.00100551 32.4715
38.0731 2.37228 0.000901953 31.824
40.5041 2.12074 0.000807836 31.1303
43.0904 1.88979 0.000722379 30.3904
45.8419 1.67824 0.000644858 29.6049
48.769 1.48495 0.000574609 28.7745
51.883 1.30886 0.000511023 27.9004
55.1959 1.1489 0.000453539 26.9842
58.7203 1.00408 0.000401639 26.028
62.4697 0.873432 0.000354851 25.0345
66.4586 0.756024 0.000312736 24.0066
70.7021 0.650953 0.000274893 22.9481
75.2166 0.557346 0.000240952 21.8629
80.0194 0.474357 0.000210571 20.7557
85.1288 0.401166 0.000183437 19.6318
90.5645 0.336981 0.00015926 18.4966
96.3473 0.281035 0.000137773 17.3563
102.499 0.23259 0.000118729 16.2171
109.044 0.190934 0.000101902 15.0858
116.007 0.155385 8.70809e-05 13.9692
123.414 0.125294 7.40734e-05 12.8741
131.295 0.100043 6.27003e-05 11.8076
139.678 0.0790511 5.27969e-05 10.7763
148.597 0.0617733 4.42114e-05 9.78647
158.085 0.047704 3.68035e-05 8.84413
168.179 0.036378 3.04446e-05 7.95451
178.918 0.0273713 2.5016e-05 7.12216
190.342 0.0203025 2.0409e-05 6.35072
202.496 0.0148316 1.65242e-05 5.64286
215.426 0.0106605 1.32707e-05 5.0002
229.182 0.00753069 1.05658e-05 4.42326
243.815 0.00522211 8.33463e-06 3.91144
259.384 0.00355008 6.5097e-06 3.46308
275.946 0.00236249 5.03043e-06 3.07553
293.566 0.00153643 3.84287e-06 2.74525
312.311 0.000974569 2.89924e-06 2.46796
332.253 0.000601508 2.15763e-06 2.23883
353.468 0.000360162 1.58156e-06 2.05265
376.038 0.000208383 1.13958e-06 1.90404
400.048 0.000115857 8.04922e-07 1.78765
425.593 6.13849e-05 5.55012e-07 1.69832
452.768 3.05833e-05 3.71102e-07 1.63123
481.678 1.3997e-05 2.3782e-07 1.58206
512.435 5.61987e-06 1.42748e-07 1.54703
545.155 1.77464e-06 7.59875e-08 1.52296
579.964 3.02795e-07 2.97331e-08 1.50744
616.996 1.51139e-11 1.98991e-10 1.50002
656.393 0 0 1
698.306 0 0 1
742.894 0 0 1
790.33 0 0 1
840.795 0 0 1
894.481 0 0 1
951.596 0 0 1
1012.36 0 0 1
1077 0 0 1
1145.77 0 0 1
1218.93 0 0 1
1296.76 0 0 1
1379.56 0 0 1
1467.65 0 0 1
1561.36 0 0 1
1661.06 0 0 1
1767.12 0 0 1
1879.96 0 0 1
