4783636 2.85989e+06
0.1 23.4927 0.514172 1
0.106385 22.0826 0.472222 1
0.113178 20.7572 0.433694 1
0.120405 19.5112 0.398309 1
0.128093 18.34 0.365811 1
0.136272 17.2391 0.335964 1
0.144974 16.2042 0.308552 1
0.15423 15.2314 0.283376 1
0.164078 14.317 0.260254 1
0.174555 13.4574 0.239018 1
0.185701 12.6494 0.219515 1
0.197559 11.8899 0.201603 1
0.210173 11.176 0.185153 1
0.223593 10.5049 0.170044 1
0.23787 9.87407 0.156168 1
0.253059 9.2811 0.143424 1
0.269217 8.7237 0.13172 1
0.286408 8.19975 0.120971 1
0.304695 7.70724 0.111099 1
0.324151 7.24429 0.102032 1
0.344849 6.80911 0.0937048 1
0.366868 6.40005 0.0860571 1
0.390294 6.01553 0.0790335 1
0.415215 5.65409 0.0725829 1
0.441728 5.31433 0.0666586 1
0.469933 4.99497 0.0612176 1
0.499939 4.69476 0.0562207 1
0.531862 4.41258 0.0516314 1
0.565823 4.14732 0.0474166 1
0.601952 3.89799 0.0435457 1
0.640388 3.66361 0.0399907 1
0.681278 3.44331 0.0367257 1
0.72478 3.23622 0.0337272 1
0.771059 3.04156 0.0309734 1
0.820293 2.85858 0.0284442 1
0.872671 2.68658 0.0261215 1
0.928393 2.52491 0.0239883 1
0.987673 2.37293 0.0220292 1
1.05074 2.23008 0.0202299 1
1.11783 2.0958 0.0185775 1
1.18921 1.96958 0.01706 1
1.26514 1.85093 0.0156663 1
1.34592 1.7394 0.0143863 1
1.43186 1.63457 0.0132108 1
1.52329 1.53603 0.0121313 1
1.62056 1.4434 0.0111398 1
1.72404 1.35633 0.0102293 1
1.83412 1.27449 0.00939313 1
1.95123 1.19756 0.0086252 1
2.07582 1.12524 0.00791996 1
2.20837 1.05727 0.00727229 1
2.34938 0.993371 0.00667749 1
2.49939 0.93331 0.00613125 1
2.65899 0.876854 0.00562962 1
2.82877 0.823787 0.00516894 1
3.00939 0.773904 0.00474587 1
3.20155 0.727016 0.00435736 1
3.40598 0.682941 0.00400057 1
3.62346 0.641512 0.00367292 1
3.85483 0.602569 0.00337203 1
4.10097 0.565964 0.00309571 1
4.36282 0.531556 0.00284197 1
4.6414 0.499213 0.00260896 1
4.93777 0.468811 0.00239498 1
5.25306 0.440235 0.00219848 1
5.58848 0.413373 0.00201805 1
5.94532 0.388124 0.00185235 1
6.32494 0.36439 0.0017002 1
6.7288 0.342081 0.00156049 3.46726
7.15845 0.321508 0.00143308 3.48749
7.61554 0.302496 0.00131678 3.50936
8.10181 0.284891 0.00121052 3.53282
8.61913 0.268555 0.00111334 3.5578
9.16948 0.253366 0.00102439 3.58424
9.75498 0.239218 0.0009429 3.61209
10.3779 0.226014 0.00086819 3.64128
11.0405 0.213668 0.000799643 3.67176
11.7455 0.202106 0.000736707 3.70347
12.4955 0.19126 0.000678884 3.73634
13.2933 0.181069 0.000625727 3.77031
14.1421 0.171481 0.000576832 3.80534
15.0451 0.162447 0.000531833 3.84135
16.0058 0.153924 0.000490402 3.87828
17.0278 0.145874 0.000452238 3.91609
18.1151 0.138263 0.000417071 3.95471
19.2718 0.13106 0.000384654 3.99407
20.5023 0.124236 0.000354762 4.03413
21.8115 0.117767 0.000327193 4.07482
23.2042 0.111629 0.000301758 4.11608
24.6858 0.105802 0.000278289 4.15784
26.2621 0.100266 0.000256629 4.20006
27.939 0.0950059 0.000236637 4.24265
29.723 0.0900043 0.000218181 4.28557
31.6209 0.0852471 0.000201143 4.32873
33.6399 0.0807209 0.000185411 4.37209
35.7879 0.0764135 0.000170886 4.41556
38.0731 0.0723135 0.000157475 4.45907
40.5041 0.0684103 0.000145091 4.50256
43.0904 0.0646942 0.000133657 4.54594
45.8419 0.0611559 0.0001231 4.58914
48.769 0.0577868 0.000113352 4.63208
51.883 0.0545789 0.000104354 4.67467
55.1959 0.0515247 9.60464e-05 4.71682
58.7203 0.048617 8.83785e-05 4.75844
62.4697 0.0458492 8.13012e-05 4.79944
66.4586 0.0432148 7.47698e-05 4.83971
70.7021 0.0407079 6.87429e-05 4.87915
75.2166 0.0383228 6.31824e-05 4.91765
80.0194 0.0360541 5.80528e-05 4.9551
85.1288 0.0338966 5.33216e-05 4.99137
90.5645 0.0318455 4.89584e-05 5.02634
96.3473 0.0298961 4.49354e-05 5.05989
102.499 0.0280439 4.12268e-05 5.09187
109.044 0.0262847 3.78087e-05 5.12214
116.007 0.0246146 3.46589e-05 5.15055
123.414 0.0230295 3.1757e-05 5.17696
131.295 0.0215259 2.90842e-05 5.20119
139.678 0.0201003 2.66229e-05 5.22308
148.597 0.0187492 2.43571e-05 5.24247
158.085 0.0174695 2.22717e-05 5.25916
168.179 0.0162581 2.03529e-05 5.27298
178.918 0.015112 1.85879e-05 5.28374
190.342 0.0140285 1.6965e-05 5.29123
202.496 0.0130048 1.54731e-05 5.29528
215.426 0.0120384 1.41023e-05 5.29566
229.182 0.0111268 1.28431e-05 5.29219
243.815 0.0102676 1.16869e-05 5.28465
259.384 0.0094587 1.06257e-05 5.27283
275.946 0.00869782 9.65219e-06 5.25654
293.566 0.00798291 8.75952e-06 5.23557
312.311 0.00731199 7.94138e-06 5.20971
332.253 0.00668315 7.19196e-06 5.17879
353.468 0.00609455 6.50589e-06 5.14262
376.038 0.00554444 5.87819e-06 5.10102
400.048 0.00503112 5.30427e-06 5.05384
425.593 0.00455294 4.77989e-06 5.00093
452.768 0.00410832 4.30114e-06 4.94218
481.678 0.00369574 3.86438e-06 4.87748
512.435 0.00331371 3.46629e-06 4.80676
545.155 0.00296077 3.10377e-06 4.72996
579.964 0.00263552 2.77395e-06 4.64707
616.996 0.0023366 2.47421e-06 4.5581
656.393 0.00206264 2.20209e-06 4.4631
698.306 0.00181234 1.95534e-06 4.36215
742.894 0.0015844 1.73186e-06 4.25535
790.33 0.00137754 1.52972e-06 4.14284
840.795 0.00119052 1.34712e-06 4.02479
894.481 0.00102208 1.18239e-06 3.90138
951.596 0.000871028 1.03398e-06 3.77279
1012.36 0.000736144 9.00442e-07 3.63918
1077 0.000616247 7.80424e-07 3.50068
1145.77 0.000510174 6.72653e-07 3.35732
1218.93 0.000416783 5.75925e-07 3.20903
1296.76 0.000334958 4.89085e-07 3.0555
1379.56 0.000263614 4.1101e-07 2.89612
1467.65 0.000201698 3.40563e-07 2.72974
1561.36 0.000148202 2.76536e-07 2.55435
1661.06 0.000102162 2.17494e-07 2.36631
1767.12 6.26682e-05 1.61364e-07 2.15854
1879.96 2.88741e-05 1.03757e-07 1.91364
