4114596 2.4599e+06
0.1 34.8222 0.625994 1
0.106385 32.7321 0.57492 1
0.113178 30.7674 0.528013 1
0.120405 28.9206 0.484933 1
0.128093 27.1846 0.445367 1
0.136272 25.5527 0.409029 1
0.144974 24.0188 0.375655 1
0.15423 22.5769 0.345004 1
0.164078 21.2215 0.316854 1
0.174555 19.9474 0.291 1
0.185701 18.7498 0.267256 1
0.197559 17.624 0.245448 1
0.210173 16.5658 0.22542 1
0.223593 15.571 0.207026 1
0.23787 14.636 0.190132 1
0.253059 13.7571 0.174617 1
0.269217 12.9309 0.160367 1
0.286408 12.1543 0.14728 1
0.304695 11.4242 0.135261 1
0.324151 10.738 0.124223 1
0.344849 10.093 0.114085 1
0.366868 9.48667 0.104774 1
0.390294 8.91673 0.0962226 1
0.415215 8.38099 0.0883691 1
0.441728 7.87739 0.0811564 1
0.469933 7.40402 0.0745322 1
0.499939 6.95905 0.0684485 1
0.531862 6.54078 0.0628612 1
0.565823 6.14762 0.0577298 1
0.601952 5.77804 0.0530171 1
0.640388 5.43065 0.0486889 1
0.681278 5.1041 0.0447139 1
0.72478 4.79715 0.0410632 1
0.771059 4.50862 0.0377105 1
0.820293 4.2374 0.0346313 1
0.872671 3.98246 0.0318034 1
0.928393 3.74282 0.0292063 1
0.987673 3.51756 0.0268211 1
1.05074 3.30582 0.0246305 1
1.11783 3.10679 0.0226188 1
1.18921 2.9197 0.0207712 1
1.26514 2.74384 0.0190743 1
1.34592 2.57853 0.017516 1
1.43186 2.42315 0.0160849 1
1.52329 2.27708 0.0147705 1
1.62056 2.13979 0.0135635 1
1.72404 2.01073 0.0124549 1
1.83412 1.88942 0.0114369 1
1.95123 1.77539 0.0105019 1
2.07582 1.66821 0.00964329 1
2.20837 1.56745 0.00885475 1
2.34938 1.47275 0.00813058 1
2.49939 1.38372 0.00746554 1
2.65899 1.30005 0.00685479 1
2.82877 1.22139 0.00629391 1
3.00939 1.14745 0.00577883 1
3.20155 1.07795 0.0053058 1
3.40598 1.01262 0.0048714 1
3.62346 0.951217 0.00447248 1
3.85483 0.893496 0.00410614 1
4.10097 0.839239 0.00376972 1
4.36282 0.788239 0.00346078 1
4.6414 0.7403 0.00317708 1
4.93777 0.695238 0.00291655 1
5.25306 0.652882 0.00267731 1
5.58848 0.613067 0.00245762 1
5.94532 0.575643 0.00225588 1
6.32494 0.540465 0.00207062 1
6.7288 0.507399 0.00190051 4.05864
7.15845 0.476714 0.00174503 4.08434
7.61554 0.448198 0.00160283 4.11151
8.10181 0.421659 0.0014727 4.1401
8.61913 0.396925 0.00135352 4.17005
9.16948 0.373844 0.00124433 4.20131
9.75498 0.352276 0.00114422 4.23383
10.3779 0.332099 0.0010524 4.26755
11.0405 0.313198 0.000968135 4.30241
11.7455 0.295475 0.00089077 4.33836
12.4955 0.278838 0.000819709 4.37534
13.2933 0.263205 0.000754413 4.4133
14.1421 0.2485 0.000694392 4.45217
15.0451 0.234657 0.0006392 4.4919
16.0058 0.221615 0.000588435 4.53244
17.0278 0.209318 0.000541727 4.57372
18.1151 0.197714 0.000498741 4.61569
19.2718 0.186759 0.000459172 4.65827
20.5023 0.176408 0.00042274 4.70142
21.8115 0.166624 0.00038919 4.74507
23.2042 0.157372 0.00035829 4.78916
24.6858 0.148618 0.000329826 4.83361
26.2621 0.140332 0.000303603 4.87836
27.939 0.132486 0.000279442 4.92334
29.723 0.125055 0.00025718 4.96848
31.6209 0.118015 0.000236665 5.0137
33.6399 0.111345 0.00021776 5.05893
35.7879 0.105022 0.000200338 5.10409
38.0731 0.0990291 0.000184282 5.14909
40.5041 0.0933474 0.000169485 5.19385
43.0904 0.0879606 0.000155848 5.23827
45.8419 0.082853 0.000143282 5.28226
48.769 0.07801 0.000131702 5.32573
51.883 0.073418 0.000121031 5.36857
55.1959 0.069064 0.000111199 5.41067
58.7203 0.064936 0.00010214 5.45192
62.4697 0.0610226 9.37942e-05 5.4922
66.4586 0.0573129 8.61065e-05 5.53139
70.7021 0.053797 7.90255e-05 5.56936
75.2166 0.0504651 7.25041e-05 5.60598
80.0194 0.0473083 6.64989e-05 5.6411
85.1288 0.044318 6.09698e-05 5.67457
90.5645 0.041486 5.58797e-05 5.70624
96.3473 0.0388047 5.11947e-05 5.73595
102.499 0.0362669 4.68831e-05 5.76353
109.044 0.0338656 4.2916e-05 5.7888
116.007 0.0315944 3.92666e-05 5.81159
123.414 0.0294469 3.59101e-05 5.8317
131.295 0.0274173 3.28238e-05 5.84894
139.678 0.0255001 2.99865e-05 5.8631
148.597 0.0236899 2.73788e-05 5.87399
158.085 0.0219817 2.49829e-05 5.88138
168.179 0.0203707 2.27821e-05 5.88507
178.918 0.0188524 2.07612e-05 5.88481
190.342 0.0174225 1.89062e-05 5.8804
202.496 0.0160768 1.72039e-05 5.8716
215.426 0.0148114 1.56424e-05 5.85819
229.182 0.0136226 1.42107e-05 5.83994
243.815 0.0125068 1.28984e-05 5.81662
259.384 0.0114608 1.16963e-05 5.78801
275.946 0.0104812 1.05956e-05 5.75391
293.566 0.00956501 9.58831e-06 5.71411
312.311 0.00870926 8.667e-06 5.66841
332.253 0.00791114 7.82486e-06 5.61665
353.468 0.00716797 7.0556e-06 5.55866
376.038 0.00647714 6.3534e-06 5.49432
400.048 0.00583619 5.71292e-06 5.42351
425.593 0.00524271 5.1292e-06 5.34615
452.768 0.00469439 4.5977e-06 5.26221
481.678 0.00418899 4.11419e-06 5.17168
512.435 0.00372435 3.6748e-06 5.07459
545.155 0.00329835 3.27593e-06 4.97103
579.964 0.00290894 2.91429e-06 4.86113
616.996 0.00255412 2.58681e-06 4.74507
656.393 0.00223193 2.29067e-06 4.62309
698.306 0.00194044 2.02326e-06 4.49547
742.894 0.00167778 1.78216e-06 4.36257
790.33 0.00144209 1.56515e-06 4.22476
840.795 0.00123155 1.37014e-06 4.08249
894.481 0.00104439 1.19522e-06 3.93619
951.596 0.000878841 1.03861e-06 3.78636
1012.36 0.000733192 8.98635e-07 3.63346
1077 0.000605759 7.73754e-07 3.47791
1145.77 0.000494901 6.62508e-07 3.32007
1218.93 0.000399024 5.63521e-07 3.16013
1296.76 0.000316583 4.75481e-07 2.99808
1379.56 0.000246093 3.97116e-07 2.83356
1467.65 0.000186132 3.27158e-07 2.66563
1561.36 0.000135351 2.64275e-07 2.49248
1661.06 9.24814e-05 2.06934e-07 2.31068
1767.12 5.63406e-05 1.53001e-07 2.11343
1879.96 2.58416e-05 9.81571e-08 1.88415
