33452 19999.2
0.1 12206.6 11.7203 1
0.106385 11473.5 10.7639 1
0.113178 10784 9.88528 1
0.120405 10135.5 9.07822 1
0.128093 9525.58 8.33686 1
0.136272 8951.97 7.65587 1
0.144974 8412.5 7.03035 1
0.15423 7905.15 6.45577 1
0.164078 7428.01 5.928 1
0.174555 6979.3 5.44323 1
0.185701 6557.33 4.99796 1
0.197559 6160.51 4.58898 1
0.210173 5787.34 4.21334 1
0.223593 5436.43 3.86832 1
0.23787 5106.44 3.55143 1
0.253059 4796.14 3.26039 1
0.269217 4504.36 2.99308 1
0.286408 4229.99 2.74758 1
0.304695 3972 2.52211 1
0.324151 3729.41 2.31504 1
0.344849 3501.31 2.12487 1
0.366868 3286.83 1.95022 1
0.390294 3085.17 1.78984 1
0.415215 2895.56 1.64255 1
0.441728 2717.29 1.5073 1
0.469933 2549.67 1.3831 1
0.499939 2392.08 1.26904 1
0.531862 2243.91 1.16432 1
0.565823 2104.61 1.06815 1
0.601952 1973.65 0.979852 1
0.640388 1850.53 0.898778 1
0.681278 1734.78 0.824338 1
0.72478 1625.97 0.755993 1
0.771059 1523.68 0.693246 1
0.820293 1427.52 0.635639 1
0.872671 1337.13 0.582754 1
0.928393 1252.17 0.534205 1
0.987673 1172.3 0.489638 1
1.05074 1097.24 0.448729 1
1.11783 1026.69 0.41118 1
1.18921 960.378 0.376715 1
1.26514 898.063 0.345083 1
1.34592 839.502 0.316053 1
1.43186 784.473 0.289412 1
1.52329 732.767 0.264966 1
1.62056 684.186 0.242534 1
1.72404 638.546 0.221953 1
1.83412 595.673 0.20307 1
1.95123 555.403 0.185749 1
2.07582 517.581 0.169859 1
2.20837 482.065 0.155286 1
2.34938 448.719 0.14192 1
2.49939 417.414 0.129664 1
2.65899 388.031 0.118426 1
2.82877 360.457 0.108124 1
3.00939 334.588 0.0986797 1
3.20155 310.323 0.090024 1
3.40598 287.569 0.0820921 1
3.62346 266.239 0.0748247 1
3.85483 246.251 0.0681674 1
4.10097 227.527 0.0620701 1
4.36282 209.994 0.0564869 1
4.6414 193.584 0.0513758 1
4.93777 178.234 0.0466979 1
5.25306 163.882 0.0424177 1
5.58848 150.473 0.0385026 1
5.94532 137.953 0.0349225 1
6.32494 126.273 0.0316499 1
6.7288 115.385 0.0286596 96.8253
7.15845 105.245 0.0259284 95.9011
7.61554 95.8113 0.0234348 94.8661
8.10181 87.045 0.0211594 93.7165
8.61913 78.9086 0.0190842 92.4488
9.16948 71.3672 0.0171925 91.06
9.75498 64.3876 0.0154693 89.5476
10.3779 57.9384 0.0139005 87.9095
11.0405 51.9898 0.0124734 86.1443
11.7455 46.5138 0.0111762 84.2512
12.4955 41.4832 0.00999816 82.2302
13.2933 36.8726 0.00892924 80.0824
14.1421 32.6575 0.00796036 77.8096
15.0451 28.8145 0.00708313 75.4149
16.0058 25.321 0.00628983 72.9025
17.0278 22.1555 0.00557338 70.2778
18.1151 19.2972 0.00492723 67.5477
19.2718 16.7259 0.0043454 64.7203
20.5023 14.4224 0.00382236 61.8052
21.8115 12.3677 0.00335302 58.8135
23.2042 10.5436 0.00293269 55.7576
24.6858 8.93273 0.00255707 52.6514
26.2621 7.51787 0.00222216 49.51
27.939 6.28258 0.00192432 46.35
29.723 5.21097 0.00166014 43.1886
31.6209 4.28774 0.00142652 40.0441
33.6399 3.49821 0.00122058 36.9354
35.7879 2.82837 0.00103966 33.8816
38.0731 2.2649 0.000881303 30.9019
40.5041 1.79522 0.000743255 28.0148
43.0904 1.40753 0.00062343 25.2383
45.8419 1.09087 0.000519904 22.5892
48.769 0.835098 0.000430908 20.0826
51.883 0.630981 0.000354816 17.7315
55.1959 0.47016 0.000290133 15.5469
58.7203 0.345177 0.000235491 13.5368
62.4697 0.249457 0.00018964 11.7066
66.4586 0.177285 0.000151442 10.0586
70.7021 0.123768 0.000119865 8.59184
75.2166 0.084782 9.39764e-05 7.30263
80.0194 0.0569156 7.29393e-05 6.1843
85.1288 0.0373955 5.6006e-05 5.22767
90.5645 0.024013 4.25135e-05 4.4214
96.3473 0.0150464 3.18785e-05 3.75242
102.499 0.00918353 2.35921e-05 3.20648
109.044 0.00544873 1.72142e-05 2.7687
116.007 0.00313488 1.23688e-05 2.42408
123.414 0.00174347 8.73783e-06 2.15802
131.295 0.000933217 6.05574e-06 1.95676
139.678 0.000477636 4.10396e-06 1.80773
148.597 0.00023129 2.70528e-06 1.69981
158.085 0.000103998 1.7184e-06 1.62348
168.179 4.18615e-05 1.03276e-06 1.57088
178.918 1.38908e-05 5.63552e-07 1.53577
190.342 2.97727e-06 2.47148e-07 1.51349
202.496 3.5731e-09 8.11053e-09 1.50016
215.426 5.07204e-13 9.15371e-11 1.50004
229.182 0 0 1
243.815 0 0 1
259.384 0 0 1
275.946 0 0 1
293.566 0 0 1
312.311 0 0 1
332.253 0 0 1
353.468 0 0 1
376.038 0 0 1
400.048 0 0 1
425.593 0 0 1
452.768 0 0 1
481.678 0 0 1
512.435 0 0 1
545.155 3.95367e-317 0 1
579.964 0 0 1
616.996 0 0 1
656.393 0 0 1
698.306 0 0 1
742.894 0 0 1
790.33 0 0 1
840.795 0 0 1
894.481 0 0 1
951.596 0 0 1
1012.36 0 0 1
1077 0 0 1
1145.77 0 0 1
1218.93 0 0 1
1296.76 6.62708e-31 2.17546e-20 1.50001
1379.56 4.5596e-15 1.70935e-12 1.50001
1467.65 1.72251e-10 3.14722e-10 1.50011
1561.36 1.35143e-08 2.64072e-09 1.50214
1661.06 2.43049e-08 3.35468e-09 1.50333
1767.12 2.81611e-08 3.42064e-09 1.50386
1879.96 1.7308e-08 2.5403e-09 1.50294
