953382 569977
0.1 429.894 2.19949 1
0.106385 404.09 2.02004 1
0.113178 379.833 1.85522 1
0.120405 357.03 1.70385 1
0.128093 335.595 1.56482 1
0.136272 315.445 1.43713 1
0.144974 296.503 1.31986 1
0.15423 278.698 1.21216 1
0.164078 261.959 1.11324 1
0.174555 246.225 1.02239 1
0.185701 231.434 0.938951 1
0.197559 217.531 0.862319 1
0.210173 204.461 0.791939 1
0.223593 192.175 0.7273 1
0.23787 180.626 0.667934 1
0.253059 169.769 0.613412 1
0.269217 159.564 0.563338 1
0.286408 149.971 0.517349 1
0.304695 140.953 0.475112 1
0.324151 132.476 0.436322 1
0.344849 124.508 0.400696 1
0.366868 117.017 0.367977 1
0.390294 109.976 0.337928 1
0.415215 103.358 0.31033 1
0.441728 97.136 0.284985 1
0.469933 91.2876 0.261707 1
0.499939 85.79 0.24033 1
0.531862 80.6222 0.220696 1
0.565823 75.7645 0.202665 1
0.601952 71.1982 0.186106 1
0.640388 66.9059 0.170898 1
0.681278 62.871 0.156931 1
0.72478 59.0783 0.144104 1
0.771059 55.5131 0.132324 1
0.820293 52.1618 0.121505 1
0.872671 49.0116 0.11157 1
0.928393 46.0504 0.102446 1
0.987673 43.2669 0.094066 1
1.05074 40.6503 0.0863706 1
1.11783 38.1908 0.0793035 1
1.18921 35.8789 0.0728134 1
1.26514 33.7057 0.0668532 1
1.34592 31.6629 0.0613797 1
1.43186 29.7427 0.0563531 1
1.52329 27.9377 0.0517371 1
1.62056 26.2411 0.0474981 1
1.72404 24.6463 0.0436053 1
1.83412 23.1471 0.0400305 1
1.95123 21.738 0.0367478 1
2.07582 20.4134 0.0337332 1
2.20837 19.1683 0.030965 1
2.34938 17.998 0.028423 1
2.49939 16.8979 0.0260887 1
2.65899 15.8638 0.0239452 1
2.82877 14.8918 0.021977 1
3.00939 13.9782 0.0201697 1
3.20155 13.1194 0.0185101 1
3.40598 12.3122 0.0169863 1
3.62346 11.5535 0.0155871 1
3.85483 10.8403 0.0143024 1
4.10097 10.17 0.0131228 1
4.36282 9.53988 0.0120397 1
4.6414 8.94765 0.0110453 1
4.93777 8.39101 0.0101323 1
5.25306 7.86781 0.00929412 1
5.58848 7.37606 0.00852457 1
5.94532 6.91387 0.00781807 1
6.32494 6.47947 0.00716947 1
6.7288 6.0712 0.00657406 14.8852
7.15845 5.68789 0.00602768 14.9941
7.61554 5.32797 0.0055263 15.1025
8.10181 4.98998 0.00506619 15.2102
8.61913 4.67256 0.00464396 15.3171
9.16948 4.37444 0.00425648 15.4229
9.75498 4.09441 0.0039009 15.5274
10.3779 3.83137 0.00357458 15.6304
11.0405 3.58428 0.00327512 15.7316
11.7455 3.35215 0.00300031 15.8307
12.4955 3.13408 0.00274814 15.9276
13.2933 2.92921 0.00251673 16.0219
14.1421 2.73673 0.0023044 16.1132
15.0451 2.55591 0.00210956 16.2013
16.0058 2.38604 0.0019308 16.2858
17.0278 2.22645 0.00176679 16.3663
18.1151 2.07654 0.00161632 16.4425
19.2718 1.93573 0.00147828 16.5139
20.5023 1.80348 0.00135167 16.5801
21.8115 1.67927 0.00123553 16.6407
23.2042 1.56264 0.00112902 16.6952
24.6858 1.45313 0.00103134 16.743
26.2621 1.35034 0.00094178 16.7838
27.939 1.25386 0.000859669 16.8168
29.723 1.16332 0.000784398 16.8416
31.6209 1.07839 0.000715407 16.8576
33.6399 0.998742 0.000652184 16.8642
35.7879 0.924065 0.000594256 16.8607
38.0731 0.854079 0.00054119 16.8465
40.5041 0.788514 0.000492589 16.8209
43.0904 0.72712 0.000448086 16.7833
45.8419 0.66966 0.000407347 16.7329
48.769 0.615913 0.000370063 16.6691
51.883 0.565671 0.000335952 16.5912
55.1959 0.518738 0.000304753 16.4985
58.7203 0.474929 0.000276227 16.3903
62.4697 0.434071 0.000250156 16.2659
66.4586 0.396003 0.000226339 16.1247
70.7021 0.360569 0.000204589 15.966
75.2166 0.327626 0.000184738 15.7892
80.0194 0.297036 0.000166629 15.5939
85.1288 0.268672 0.000150119 15.3795
90.5645 0.242409 0.000135076 15.1456
96.3473 0.218134 0.000121379 14.8919
102.499 0.195735 0.000108917 14.6182
109.044 0.175109 9.75876e-05 14.3244
116.007 0.156157 8.72969e-05 14.0104
123.414 0.138782 7.79587e-05 13.6765
131.295 0.122895 6.94934e-05 13.3229
139.678 0.108409 6.18282e-05 12.9501
148.597 0.0952387 5.48959e-05 12.5589
158.085 0.0833046 4.86347e-05 12.15
168.179 0.0725287 4.29879e-05 11.7246
178.918 0.0628358 3.7903e-05 11.2839
190.342 0.0541532 3.33319e-05 10.8295
202.496 0.0464103 2.92304e-05 10.3631
215.426 0.0395387 2.55574e-05 9.88669
229.182 0.033472 2.22754e-05 9.40251
243.815 0.028146 1.93496e-05 8.91292
259.384 0.0234984 1.67479e-05 8.42052
275.946 0.0194691 1.44409e-05 7.92804
293.566 0.0160003 1.24012e-05 7.43838
312.311 0.0130363 1.06037e-05 6.95448
332.253 0.010524 9.02502e-06 6.47935
353.468 0.00841301 7.64384e-06 6.01599
376.038 0.00665554 6.4403e-06 5.56733
400.048 0.00520691 5.39614e-06 5.13615
425.593 0.00402552 4.49452e-06 4.72506
452.768 0.00307301 3.71991e-06 4.33639
481.678 0.00231438 3.05807e-06 3.97219
512.435 0.00171803 2.49588e-06 3.63409
545.155 0.00125577 2.02136e-06 3.32334
579.964 0.000902803 1.62354e-06 3.04072
616.996 0.000637583 1.29245e-06 2.78653
656.393 0.000441706 1.01904e-06 2.5606
698.306 0.000299699 7.95142e-07 2.36229
742.894 0.000198779 6.13431e-07 2.19053
790.33 0.000128585 4.67363e-07 2.04383
840.795 8.08897e-05 3.51144e-07 1.9204
894.481 4.92989e-05 2.59678e-07 1.8182
951.596 2.89576e-05 1.88528e-07 1.73499
1012.36 1.62696e-05 1.33864e-07 1.66847
1077 8.64136e-06 9.24153e-08 1.61634
1145.77 4.25425e-06 6.14248e-08 1.57638
1218.93 1.87173e-06 3.85951e-08 1.54652
1296.76 6.80256e-07 2.20407e-08 1.52495
1379.56 1.63087e-07 1.0223e-08 1.51014
1467.65 9.80221e-10 7.50773e-10 1.50035
1561.36 1.93298e-14 3.15819e-12 1.50001
1661.06 0 0 1
1767.12 0 0 1
1879.96 0 0 1
