5603210 3.34987e+06
0.1 13.8914 0.39538 1
0.106385 13.0576 0.363122 1
0.113178 12.2739 0.333495 1
0.120405 11.5371 0.306285 1
0.128093 10.8445 0.281295 1
0.136272 10.1935 0.258344 1
0.144974 9.5816 0.237265 1
0.15423 9.00636 0.217905 1
0.164078 8.46564 0.200125 1
0.174555 7.95736 0.183796 1
0.185701 7.47957 0.168798 1
0.197559 7.03045 0.155024 1
0.210173 6.60828 0.142374 1
0.223593 6.21144 0.130756 1
0.23787 5.8384 0.120086 1
0.253059 5.48775 0.110286 1
0.269217 5.15814 0.101286 1
0.286408 4.84831 0.0930198 1
0.304695 4.55707 0.0854283 1
0.324151 4.2833 0.0784562 1
0.344849 4.02596 0.0720529 1
0.366868 3.78406 0.066172 1
0.390294 3.55667 0.060771 1
0.415215 3.34293 0.0558106 1
0.441728 3.14202 0.051255 1
0.469933 2.95316 0.047071 1
0.499939 2.77563 0.0432285 1
0.531862 2.60876 0.0396995 1
0.565823 2.4519 0.0364584 1
0.601952 2.30445 0.0334818 1
0.640388 2.16586 0.0307481 1
0.681278 2.03557 0.0282375 1
0.72478 1.91311 0.0259317 1
0.771059 1.79799 0.0238141 1
0.820293 1.68979 0.0218693 1
0.872671 1.58807 0.0200832 1
0.928393 1.49246 0.0184429 1
0.987673 1.40259 0.0169364 1
1.05074 1.31811 0.0155529 1
1.11783 1.2387 0.0142822 1
1.18921 1.16406 0.0131153 1
1.26514 1.0939 0.0120437 1
1.34592 1.02794 0.0110594 1
1.43186 0.965947 0.0101556 1
1.52329 0.907672 0.00932548 1
1.62056 0.852895 0.00856314 1
1.72404 0.801404 0.00786303 1
1.83412 0.753004 0.00722007 1
1.95123 0.707509 0.0066296 1
2.07582 0.664743 0.00608733 1
2.20837 0.624545 0.00558934 1
2.34938 0.586759 0.00513201 1
2.49939 0.55124 0.00471202 1
2.65899 0.517854 0.00432632 1
2.82877 0.486471 0.00397212 1
3.00939 0.456971 0.00364684 1
3.20155 0.429242 0.00334813 1
3.40598 0.403177 0.00307382 1
3.62346 0.378677 0.00282191 1
3.85483 0.355647 0.00259058 1
4.10097 0.333999 0.00237815 1
4.36282 0.313651 0.00218307 1
4.6414 0.294524 0.00200394 1
4.93777 0.276545 0.00183944 1
5.25306 0.259645 0.00168838 1
5.58848 0.24376 0.00154968 1
5.94532 0.228828 0.00142231 1
6.32494 0.214792 0.00130535 1
6.7288 0.201599 0.00119795 2.88283
7.15845 0.189594 0.00110049 2.89763
7.61554 0.178636 0.0010119 2.91435
8.10181 0.168601 0.000931243 2.93291
8.61913 0.159381 0.000857689 2.95324
9.16948 0.150882 0.000790512 2.97528
9.75498 0.143021 0.000729068 2.99893
10.3779 0.135726 0.00067279 3.02415
11.0405 0.128936 0.000621173 3.05084
11.7455 0.122595 0.000573774 3.07895
12.4955 0.116656 0.000530198 3.1084
13.2933 0.111079 0.000490092 3.13911
14.1421 0.105826 0.000453145 3.17103
15.0451 0.100867 0.000419078 3.20408
16.0058 0.0961749 0.000387641 3.2382
17.0278 0.0917255 0.00035861 3.27332
18.1151 0.0874983 0.000331784 3.30937
19.2718 0.0834753 0.000306983 3.3463
20.5023 0.0796408 0.000284041 3.38403
21.8115 0.0759809 0.000262812 3.42251
23.2042 0.0724835 0.000243159 3.46167
24.6858 0.069138 0.000224962 3.50145
26.2621 0.0659351 0.000208107 3.5418
27.939 0.0628664 0.000192494 3.58265
29.723 0.0599245 0.000178028 3.62393
31.6209 0.0571029 0.000164624 3.6656
33.6399 0.0543957 0.000152204 3.70758
35.7879 0.0517975 0.000140694 3.74982
38.0731 0.0493036 0.000130029 3.79225
40.5041 0.0469094 0.000120146 3.8348
43.0904 0.044611 0.000110989 3.87742
45.8419 0.0424046 0.000102505 3.92003
48.769 0.0402867 9.46449e-05 3.96257
51.883 0.0382542 8.73644e-05 4.00496
55.1959 0.0363039 8.06214e-05 4.04714
58.7203 0.0344331 7.43772e-05 4.08902
62.4697 0.0326388 6.85959e-05 4.13052
66.4586 0.0309187 6.32441e-05 4.17157
70.7021 0.02927 5.82908e-05 4.21209
75.2166 0.0276905 5.37073e-05 4.25197
80.0194 0.0261779 4.94668e-05 4.29113
85.1288 0.0247299 4.55445e-05 4.32948
90.5645 0.0233444 4.19174e-05 4.36691
96.3473 0.0220192 3.85641e-05 4.40332
102.499 0.0207524 3.54646e-05 4.4386
109.044 0.0195419 3.26004e-05 4.47263
116.007 0.0183859 2.99544e-05 4.5053
123.414 0.0172825 2.75106e-05 4.53648
131.295 0.0162299 2.52542e-05 4.56604
139.678 0.0152263 2.31714e-05 4.59384
148.597 0.01427 2.12494e-05 4.61975
158.085 0.0133594 1.94763e-05 4.64361
168.179 0.0124928 1.78411e-05 4.66528
178.918 0.0116687 1.63335e-05 4.68459
190.342 0.0108854 1.49442e-05 4.70138
202.496 0.0101417 1.36641e-05 4.71549
215.426 0.00943588 1.24852e-05 4.72674
229.182 0.00876671 1.13999e-05 4.73496
243.815 0.00813278 1.04012e-05 4.73995
259.384 0.0075328 9.48244e-06 4.74154
275.946 0.00696549 8.63767e-06 4.73953
293.566 0.0064296 7.86125e-06 4.73374
312.311 0.00592396 7.148e-06 4.72397
332.253 0.0054474 6.49309e-06 4.71004
353.468 0.00499879 5.89208e-06 4.69175
376.038 0.00457706 5.34082e-06 4.66892
400.048 0.00418114 4.83549e-06 4.64136
425.593 0.00381 4.37255e-06 4.60889
452.768 0.00346265 3.94871e-06 4.57135
481.678 0.00313812 3.56094e-06 4.52858
512.435 0.00283547 3.20642e-06 4.48041
545.155 0.00255376 2.88255e-06 4.42672
579.964 0.0022921 2.58692e-06 4.36738
616.996 0.00204961 2.31729e-06 4.30227
656.393 0.00182541 2.07159e-06 4.23131
698.306 0.00161865 1.8479e-06 4.15441
742.894 0.0014285 1.64445e-06 4.0715
790.33 0.00125413 1.45959e-06 3.98254
840.795 0.00109472 1.29178e-06 3.88746
894.481 0.000949457 1.13961e-06 3.78623
951.596 0.000817552 1.00174e-06 3.67879
1012.36 0.000698211 8.76935e-07 3.56505
1077 0.00059065 7.64044e-07 3.44489
1145.77 0.000494097 6.6197e-07 3.3181
1218.93 0.00040779 5.69677e-07 3.18436
1296.76 0.000330976 4.8617e-07 3.04315
1379.56 0.000262921 4.10469e-07 2.89368
1467.65 0.000202905 3.41581e-07 2.73465
1561.36 0.000150232 2.78424e-07 2.56395
1661.06 0.000104228 2.19683e-07 2.37796
1767.12 6.42527e-05 1.63391e-07 2.16959
1879.96 2.96987e-05 1.05228e-07 1.92148
