6523140 3.89984e+06
0.1 6.41874 0.268761 1
0.106385 6.03347 0.246833 1
0.113178 5.6713 0.226694 1
0.120405 5.33086 0.208198 1
0.128093 5.01083 0.191211 1
0.136272 4.71 0.175609 1
0.144974 4.42722 0.16128 1
0.15423 4.16139 0.14812 1
0.164078 3.91151 0.136033 1
0.174555 3.67662 0.124932 1
0.185701 3.45582 0.114737 1
0.197559 3.24827 0.105374 1
0.210173 3.05316 0.0967747 1
0.223593 2.86976 0.0888768 1
0.23787 2.69736 0.0816233 1
0.253059 2.53531 0.0749615 1
0.269217 2.38297 0.0688432 1
0.286408 2.23978 0.0632241 1
0.304695 2.10517 0.0580635 1
0.324151 1.97864 0.0533239 1
0.344849 1.85971 0.048971 1
0.366868 1.7479 0.0449732 1
0.390294 1.64281 0.0413017 1
0.415215 1.54402 0.0379297 1
0.441728 1.45116 0.0348328 1
0.469933 1.36387 0.0319887 1
0.499939 1.28181 0.0293766 1
0.531862 1.20468 0.0269776 1
0.565823 1.13218 0.0247745 1
0.601952 1.06403 0.0227511 1
0.640388 0.999964 0.0208928 1
0.681278 0.939744 0.0191861 1
0.72478 0.883139 0.0176188 1
0.771059 0.829929 0.0161793 1
0.820293 0.779913 0.0148574 1
0.872671 0.732897 0.0136433 1
0.928393 0.688703 0.0125283 1
0.987673 0.647161 0.0115043 1
1.05074 0.608111 0.0105639 1
1.11783 0.571405 0.00970029 1
1.18921 0.536901 0.00890715 1
1.26514 0.504468 0.00817875 1
1.34592 0.473981 0.00750982 1
1.43186 0.445324 0.0068955 1
1.52329 0.418386 0.00633133 1
1.62056 0.393065 0.00581323 1
1.72404 0.369263 0.00533742 1
1.83412 0.34689 0.00490048 1
1.95123 0.325859 0.00449921 1
2.07582 0.30609 0.00413071 1
2.20837 0.287508 0.00379231 1
2.34938 0.27004 0.00348155 1
2.49939 0.253622 0.00319617 1
2.65899 0.238188 0.0029341 1
2.82877 0.223681 0.00269344 1
3.00939 0.210044 0.00247245 1
3.20155 0.197226 0.00226951 1
3.40598 0.185177 0.00208316 1
3.62346 0.173851 0.00191204 1
3.85483 0.163205 0.00175491 1
4.10097 0.153197 0.00161062 1
4.36282 0.143791 0.00147812 1
4.6414 0.134949 0.00135646 1
4.93777 0.126638 0.00124475 1
5.25306 0.118825 0.00114218 1
5.58848 0.111482 0.001048 1
5.94532 0.104579 0.000961526 1
6.32494 0.0980907 0.000882127 1
6.7288 0.0919918 0.000809228 2.31961
7.15845 0.0866555 0.000744 2.32929
7.61554 0.0819657 0.000685441 2.34139
8.10181 0.0778226 0.000632682 2.35582
8.61913 0.0741408 0.000584978 2.37247
9.16948 0.0708471 0.00054169 2.39124
9.75498 0.0678791 0.000502269 2.41203
10.3779 0.065184 0.000466249 2.43471
11.0405 0.0627167 0.000433229 2.4592
11.7455 0.0604395 0.00040287 2.48537
12.4955 0.0583205 0.000374882 2.51314
13.2933 0.056333 0.000349015 2.54239
14.1421 0.054455 0.000325057 2.57304
15.0451 0.0526681 0.000302827 2.60499
16.0058 0.0509573 0.000282164 2.63814
17.0278 0.0493103 0.000262934 2.67243
18.1151 0.047717 0.000245015 2.70775
19.2718 0.0461697 0.000228304 2.74404
20.5023 0.0446621 0.000212708 2.78122
21.8115 0.0431892 0.000198144 2.81921
23.2042 0.0417474 0.000184538 2.85796
24.6858 0.0403339 0.000171825 2.89738
26.2621 0.0389468 0.000159943 2.93742
27.939 0.0375846 0.000148837 2.97801
29.723 0.0362466 0.000138458 3.01909
31.6209 0.0349323 0.000128759 3.0606
33.6399 0.0336416 0.000119697 3.10247
35.7879 0.0323746 0.000111231 3.14466
38.0731 0.0311315 0.000103324 3.18711
40.5041 0.0299128 9.59419e-05 3.22975
43.0904 0.028719 8.90518e-05 3.27252
45.8419 0.0275504 8.2623e-05 3.31537
48.769 0.0264077 7.66269e-05 3.35824
51.883 0.0252913 7.10362e-05 3.40106
55.1959 0.0242016 6.58258e-05 3.44378
58.7203 0.0231392 6.09715e-05 3.48633
62.4697 0.0221044 5.64509e-05 3.52864
66.4586 0.0210975 5.22426e-05 3.57065
70.7021 0.0201187 4.83268e-05 3.61229
75.2166 0.0191682 4.46846e-05 3.65349
80.0194 0.0182461 4.12982e-05 3.69417
85.1288 0.0173525 3.8151e-05 3.73426
90.5645 0.0164873 3.52272e-05 3.77366
96.3473 0.0156505 3.25122e-05 3.81231
102.499 0.0148418 2.99919e-05 3.8501
109.044 0.0140611 2.76535e-05 3.88695
116.007 0.0133082 2.54846e-05 3.92276
123.414 0.0125827 2.34738e-05 3.95743
131.295 0.0118843 2.16104e-05 3.99085
139.678 0.0112125 1.98841e-05 4.02292
148.597 0.010567 1.82856e-05 4.05351
158.085 0.00994734 1.6806e-05 4.08251
168.179 0.00935297 1.54371e-05 4.10978
178.918 0.00878341 1.4171e-05 4.13521
190.342 0.00823813 1.30006e-05 4.15864
202.496 0.00771659 1.1919e-05 4.17994
215.426 0.00721824 1.092e-05 4.19896
229.182 0.0067425 9.99758e-06 4.21555
243.815 0.00628879 9.14633e-06 4.22954
259.384 0.00585655 8.36109e-06 4.24078
275.946 0.00544518 7.63707e-06 4.24909
293.566 0.0050541 6.96982e-06 4.2543
312.311 0.00468273 6.35518e-06 4.25623
332.253 0.00433048 5.78929e-06 4.25471
353.468 0.00399678 5.26855e-06 4.24953
376.038 0.00368105 4.78961e-06 4.24053
400.048 0.00338272 4.34937e-06 4.22751
425.593 0.00310124 3.94493e-06 4.21027
452.768 0.00283603 3.5736e-06 4.18863
481.678 0.00258656 3.23289e-06 4.1624
512.435 0.00235227 2.92047e-06 4.13139
545.155 0.00213264 2.63418e-06 4.09541
579.964 0.00192711 2.37203e-06 4.05427
616.996 0.00173518 2.13215e-06 4.0078
656.393 0.00155632 1.91281e-06 3.95582
698.306 0.00139 1.71242e-06 3.89815
742.894 0.00123572 1.52947e-06 3.83461
790.33 0.00109297 1.36259e-06 3.76503
840.795 0.000961245 1.21047e-06 3.68923
894.481 0.00084004 1.07193e-06 3.60703
951.596 0.000728856 9.45837e-07 3.51821
1012.36 0.000627196 8.31143e-07 3.42254
1077 0.000534567 7.26866e-07 3.31974
1145.77 0.000450477 6.32075e-07 3.20945
1218.93 0.000374441 5.45886e-07 3.09123
1296.76 0.000305975 4.67447e-07 2.96443
1379.56 0.000244605 3.95914e-07 2.82817
1467.65 0.000189861 3.30419e-07 2.68115
1561.36 0.000141286 2.70007e-07 2.52129
1661.06 9.84344e-05 2.1349e-07 2.34511
1767.12 6.08745e-05 1.59038e-07 2.14591
1879.96 2.81937e-05 1.02527e-07 1.90712
