16726 9999.6
0.1 15534.6 13.2218 1
0.106385 14601.5 12.1428 1
0.113178 13723.8 11.1516 1
0.120405 12898.3 10.241 1
0.128093 12121.7 9.40457 1
0.136272 11391.4 8.63621 1
0.144974 10704.4 7.9304 1
0.15423 10058.3 7.28206 1
0.164078 9450.55 6.68652 1
0.174555 8879.01 6.1395 1
0.185701 8341.48 5.63703 1
0.197559 7835.94 5.17552 1
0.210173 7360.51 4.75161 1
0.223593 6913.39 4.36226 1
0.23787 6492.92 4.00465 1
0.253059 6097.49 3.6762 1
0.269217 5725.64 3.37453 1
0.286408 5375.96 3.09748 1
0.304695 5047.14 2.84303 1
0.324151 4737.93 2.60935 1
0.344849 4447.17 2.39474 1
0.366868 4173.77 2.19766 1
0.390294 3916.69 2.01666 1
0.415215 3674.96 1.85046 1
0.441728 3447.68 1.69783 1
0.469933 3233.98 1.55768 1
0.499939 3033.05 1.42899 1
0.531862 2844.13 1.31082 1
0.565823 2666.52 1.20232 1
0.601952 2499.54 1.10269 1
0.640388 2342.55 1.01123 1
0.681278 2194.96 0.927249 1
0.72478 2056.22 0.850151 1
0.771059 1925.79 0.779372 1
0.820293 1803.19 0.714397 1
0.872671 1687.94 0.654752 1
0.928393 1579.62 0.600002 1
0.987673 1477.81 0.549748 1
1.05074 1382.11 0.503623 1
1.11783 1292.18 0.461291 1
1.18921 1207.67 0.422441 1
1.26514 1128.26 0.386789 1
1.34592 1053.64 0.354074 1
1.43186 983.528 0.324057 1
1.52329 917.665 0.296516 1
1.62056 855.796 0.27125 1
1.72404 797.686 0.248073 1
1.83412 743.113 0.226814 1
1.95123 691.869 0.207316 1
2.07582 643.759 0.189436 1
2.20837 598.599 0.17304 1
2.34938 556.216 0.158008 1
2.49939 516.447 0.144228 1
2.65899 479.142 0.131597 1
2.82877 444.155 0.120022 1
3.00939 411.354 0.109416 1
3.20155 380.612 0.0996994 1
3.40598 351.809 0.0907995 1
3.62346 324.835 0.0826495 1
3.85483 299.585 0.0751878 1
4.10097 275.96 0.068358 1
4.36282 253.868 0.0621082 1
4.6414 233.222 0.0563908 1
4.93777 213.94 0.0511621 1
5.25306 195.945 0.0463819 1
5.58848 179.166 0.0420134 1
5.94532 163.534 0.0380227 1
6.32494 148.985 0.0343787 1
6.7288 135.46 0.0310528 107.584
7.15845 122.9 0.0280189 106.184
7.61554 111.253 0.0252528 104.646
8.10181 100.468 0.0227324 102.968
8.61913 90.4959 0.0204374 101.148
9.16948 81.2922 0.0183491 99.182
9.75498 72.8132 0.0164503 97.0703
10.3779 65.0179 0.0147253 94.8124
11.0405 57.8671 0.0131596 92.4089
11.7455 51.3233 0.0117398 89.8615
12.4955 45.3509 0.0104539 87.1732
13.2933 39.9156 0.00929038 84.3483
14.1421 34.9844 0.00823907 81.3925
15.0451 30.5256 0.00729042 78.313
16.0058 26.5088 0.00643567 75.1184
17.0278 22.9044 0.00566679 71.8191
18.1151 19.6839 0.00497636 68.4271
19.2718 16.8196 0.00435755 64.9561
20.5023 14.2848 0.00380409 61.4212
21.8115 12.0537 0.00331019 57.8394
23.2042 10.1012 0.00287049 54.2287
24.6858 8.40306 0.0024801 50.6088
26.2621 6.93609 0.00213445 47.0001
27.939 5.6779 0.00182937 43.4239
29.723 4.60709 0.00156099 39.9022
31.6209 3.70328 0.00132574 36.4566
33.6399 2.94718 0.00112033 33.109
35.7879 2.32066 0.000941733 29.8802
38.0731 1.80679 0.000787144 26.7899
40.5041 1.38989 0.000653988 23.8561
43.0904 1.0556 0.000539893 21.0949
45.8419 0.790877 0.000442682 18.5197
48.769 0.584031 0.000360358 16.141
51.883 0.424697 0.000291095 13.9662
55.1959 0.303819 0.000233228 11.9993
58.7203 0.213595 0.000185245 10.2407
62.4697 0.147409 0.000145778 8.68734
66.4586 0.0997479 0.000113596 7.33296
70.7021 0.0660968 8.75948e-05 6.16811
75.2166 0.0428318 6.6796e-05 5.18073
80.0194 0.0271037 5.03339e-05 4.35656
85.1288 0.0167217 3.74511e-05 3.67977
90.5645 0.0100405 2.74904e-05 3.13354
96.3473 0.00585593 1.98875e-05 2.70067
102.499 0.00330962 1.41628e-05 2.3642
109.044 0.00180725 9.914e-06 2.10791
116.007 0.000949648 6.80769e-06 1.91681
123.414 0.000477241 4.57158e-06 1.77741
131.295 0.00022699 2.98662e-06 1.67798
139.678 0.000100184 1.87955e-06 1.60863
148.597 3.93598e-05 1.11599e-06 1.56136
158.085 1.24302e-05 5.9409e-07 1.52996
168.179 2.2469e-06 2.39267e-07 1.51009
178.918 3.86623e-10 2.97313e-09 1.50004
190.342 0 0 1
202.496 0 0 1
215.426 0 0 1
229.182 0 0 1
243.815 0 0 1
259.384 0 0 1
275.946 0 0 1
293.566 0 0 1
312.311 0 0 1
332.253 0 0 1
353.468 0 0 1
376.038 0 0 1
400.048 0 0 1
425.593 0 0 1
452.768 0 0 1
481.678 0 0 1
512.435 0 0 1
545.155 3.95367e-317 0 1
579.964 0 0 1
616.996 0 0 1
656.393 0 0 1
698.306 0 0 1
742.894 0 0 1
790.33 0 0 1
840.795 0 0 1
894.481 0 0 1
951.596 0 0 1
1012.36 0 0 1
1077 2.23049e-13 1.48475e-11 1.50001
1145.77 6.67571e-09 2.43321e-09 1.50103
1218.93 1.99342e-08 3.983e-09 1.50225
1296.76 3.1438e-08 4.73824e-09 1.50321
1379.56 4.1292e-08 5.144e-09 1.50406
1467.65 4.97288e-08 5.3475e-09 1.50484
1561.36 5.69229e-08 5.41963e-09 1.50557
1661.06 6.2757e-08 5.39058e-09 1.50626
1767.12 6.50483e-08 5.19878e-09 1.50675
1879.96 5.16119e-08 4.38669e-09 1.50609
