7894672 4.71981e+06
0.1 4.80769e-07 7.35546e-05 1
0.106385 4.5185e-07 6.75488e-05 1
0.113178 4.24609e-07 6.20289e-05 1
0.120405 3.98951e-07 5.69557e-05 1
0.128093 3.74785e-07 5.22935e-05 1
0.136272 3.52026e-07 4.8009e-05 1
0.144974 3.30593e-07 4.40718e-05 1
0.15423 3.10411e-07 4.0454e-05 1
0.164078 2.91407e-07 3.71297e-05 1
0.174555 2.73515e-07 3.40754e-05 1
0.185701 2.56669e-07 3.12691e-05 1
0.197559 2.40809e-07 2.86909e-05 1
0.210173 2.2588e-07 2.63224e-05 1
0.223593 2.11826e-07 2.41466e-05 1
0.23787 1.98598e-07 2.21478e-05 1
0.253059 1.86147e-07 2.03119e-05 1
0.269217 1.74428e-07 1.86256e-05 1
0.286408 1.634e-07 1.70768e-05 1
0.304695 1.53022e-07 1.56544e-05 1
0.324151 1.43256e-07 1.43481e-05 1
0.344849 1.34067e-07 1.31485e-05 1
0.366868 1.25421e-07 1.2047e-05 1
0.390294 1.17286e-07 1.10356e-05 1
0.415215 1.09634e-07 1.01071e-05 1
0.441728 1.02435e-07 9.25455e-06 1
0.469933 9.56637e-08 8.47196e-06 1
0.499939 8.92951e-08 7.75359e-06 1
0.531862 8.33057e-08 7.09423e-06 1
0.565823 7.76734e-08 6.48907e-06 1
0.601952 7.23775e-08 5.93372e-06 1
0.640388 6.73984e-08 5.42412e-06 1
0.681278 6.27178e-08 4.95654e-06 1
0.72478 5.83183e-08 4.52756e-06 1
0.771059 5.41837e-08 4.13404e-06 1
0.820293 5.02986e-08 3.77309e-06 1
0.872671 4.66486e-08 3.44205e-06 1
0.928393 4.32202e-08 3.13848e-06 1
0.987673 4.00006e-08 2.86015e-06 1
1.05074 3.69778e-08 2.60498e-06 1
1.11783 3.41405e-08 2.37109e-06 1
1.18921 3.14782e-08 2.15673e-06 1
1.26514 2.89808e-08 1.96031e-06 1
1.34592 2.66391e-08 1.78036e-06 1
1.43186 2.44443e-08 1.61554e-06 1
1.52329 2.23881e-08 1.46459e-06 1
1.62056 2.04627e-08 1.32637e-06 1
1.72404 1.86609e-08 1.19986e-06 1
1.83412 1.69758e-08 1.08407e-06 1
1.95123 1.54011e-08 9.7813e-07 1
2.07582 1.39307e-08 8.81224e-07 1
2.20837 1.2559e-08 7.92603e-07 1
2.34938 1.12806e-08 7.11581e-07 1
2.49939 1.00907e-08 6.37525e-07 1
2.65899 8.98458e-09 5.69854e-07 1
2.82877 7.95783e-09 5.08032e-07 1
3.00939 7.00635e-09 4.51563e-07 1
3.20155 6.12631e-09 3.99991e-07 1
3.40598 5.31406e-09 3.52893e-07 1
3.62346 4.56621e-09 3.09875e-07 1
3.85483 3.87954e-09 2.70569e-07 1
4.10097 3.25103e-09 2.34626e-07 1
4.36282 2.67781e-09 2.01714e-07 1
4.6414 2.15718e-09 1.71501e-07 1
4.93777 1.68655e-09 1.43649e-07 1
5.25306 1.26348e-09 1.17778e-07 1
5.58848 8.85627e-10 9.34083e-08 1
5.94532 5.5073e-10 6.97763e-08 1
6.32494 2.56615e-10 4.51189e-08 1
6.7288 1.16887e-12 2.88455e-09 1.50066
7.15845 0 0 1
7.61554 0 0 1
8.10181 1.05294e-06 2.3272e-06 1.50057
8.61913 0.000238204 3.31578e-05 1.519
9.16948 0.00071296 5.43404e-05 1.54154
9.75498 0.00136392 7.11973e-05 1.56741
10.3779 0.00213973 8.44747e-05 1.59583
11.0405 0.00299768 9.4715e-05 1.62633
11.7455 0.00390258 0.000102372 1.65859
12.4955 0.00482566 0.000107836 1.69238
13.2933 0.0057437 0.000111444 1.7275
14.1421 0.00663817 0.000113492 1.76381
15.0451 0.0074946 0.000114234 1.80118
16.0058 0.00830194 0.000113891 1.8395
17.0278 0.00905199 0.000112655 1.8787
18.1151 0.00973902 0.000110691 1.91867
19.2718 0.0103593 0.000108143 1.95936
20.5023 0.0109108 0.000105134 2.00069
21.8115 0.0113928 0.000101767 2.04261
23.2042 0.0118058 9.81339e-05 2.08506
24.6858 0.0121512 9.43104e-05 2.12798
26.2621 0.012431 9.03613e-05 2.17134
27.939 0.012648 8.63411e-05 2.21507
29.723 0.012805 8.22955e-05 2.25914
31.6209 0.0129055 7.82624e-05 2.30351
33.6399 0.0129531 7.42729e-05 2.34812
35.7879 0.0129514 7.03526e-05 2.39293
38.0731 0.0129041 6.65219e-05 2.43791
40.5041 0.012815 6.2797e-05 2.48301
43.0904 0.0126877 5.91903e-05 2.52818
45.8419 0.012526 5.57113e-05 2.57338
48.769 0.0123332 5.23666e-05 2.61858
51.883 0.0121128 4.91606e-05 2.66371
55.1959 0.011868 4.60958e-05 2.70874
58.7203 0.0116018 4.31732e-05 2.75362
62.4697 0.0113172 4.03924e-05 2.79831
66.4586 0.0110168 3.77518e-05 2.84274
70.7021 0.0107033 3.5249e-05 2.88686
75.2166 0.010379 3.2881e-05 2.93063
80.0194 0.0100462 3.0644e-05 2.97398
85.1288 0.0097068 2.8534e-05 3.01685
90.5645 0.00936283 2.65465e-05 3.05918
96.3473 0.00901596 2.46768e-05 3.10092
102.499 0.00866778 2.292e-05 3.14198
109.044 0.00831973 2.12713e-05 3.1823
116.007 0.0079731 1.97257e-05 3.2218
123.414 0.00762906 1.82782e-05 3.26041
131.295 0.00728867 1.69239e-05 3.29804
139.678 0.00695285 1.5658e-05 3.33461
148.597 0.00662243 1.44758e-05 3.37002
158.085 0.00629813 1.33727e-05 3.40419
168.179 0.00598059 1.23442e-05 3.43702
178.918 0.00567036 1.13861e-05 3.4684
190.342 0.00536789 1.04942e-05 3.49822
202.496 0.00507358 9.66461e-06 3.52637
215.426 0.00478775 8.89347e-06 3.55272
229.182 0.00451066 8.1772e-06 3.57716
243.815 0.00424253 7.51235e-06 3.59956
259.384 0.0039835 6.89563e-06 3.61977
275.946 0.00373368 6.32396e-06 3.63766
293.566 0.00349313 5.79438e-06 3.65307
312.311 0.00326189 5.30412e-06 3.66586
332.253 0.00303996 4.85055e-06 3.67585
353.468 0.00282728 4.43119e-06 3.68289
376.038 0.00262382 4.04372e-06 3.6868
400.048 0.00242946 3.68594e-06 3.6874
425.593 0.00224413 3.3558e-06 3.68451
452.768 0.00206767 3.05135e-06 3.67794
481.678 0.00189997 2.77078e-06 3.66748
512.435 0.00174086 2.5124e-06 3.65295
545.155 0.00159017 2.27462e-06 3.63414
579.964 0.00144773 2.05593e-06 3.61083
616.996 0.00131334 1.85496e-06 3.58281
656.393 0.00118682 1.67038e-06 3.54985
698.306 0.00106796 1.501e-06 3.51173
742.894 0.000956554 1.34566e-06 3.46822
790.33 0.000852378 1.2033e-06 3.41906
840.795 0.000755215 1.07293e-06 3.36402
894.481 0.00066484 9.5362e-07 3.3028
951.596 0.000581023 8.44485e-07 3.23514
1012.36 0.000503531 7.4471e-07 3.1607
1077 0.000432128 6.53521e-07 3.07912
1145.77 0.000366575 5.70182e-07 2.98999
1218.93 0.000306631 4.93991e-07 2.8928
1296.76 0.000252054 4.24264e-07 2.78689
1379.56 0.000202601 3.60321e-07 2.6714
1467.65 0.000158029 3.0145e-07 2.54513
1561.36 0.000118095 2.46855e-07 2.40623
1661.06 8.25603e-05 1.95519e-07 2.25162
1767.12 5.1187e-05 1.45835e-07 2.07543
1879.96 2.37426e-05 9.40862e-08 1.86305
