1204272 719971
0.1 305.539 1.85428 1
0.106385 287.199 1.70299 1
0.113178 269.96 1.56404 1
0.120405 253.754 1.43643 1
0.128093 238.52 1.31922 1
0.136272 224.199 1.21158 1
0.144974 210.738 1.11272 1
0.15423 198.084 1.02192 1
0.164078 186.188 0.93853 1
0.174555 175.007 0.861941 1
0.185701 164.496 0.791601 1
0.197559 154.615 0.726999 1
0.210173 145.327 0.667667 1
0.223593 136.596 0.613175 1
0.23787 128.389 0.563129 1
0.253059 120.674 0.517166 1
0.269217 113.422 0.474953 1
0.286408 106.605 0.436184 1
0.304695 100.197 0.400578 1
0.324151 94.1735 0.367877 1
0.344849 88.5112 0.337844 1
0.366868 83.1886 0.310261 1
0.390294 78.1853 0.284929 1
0.415215 73.4822 0.261664 1
0.441728 69.0613 0.240297 1
0.469933 64.9055 0.220674 1
0.499939 60.9991 0.202652 1
0.531862 57.3271 0.186101 1
0.565823 53.8754 0.1709 1
0.601952 50.6308 0.15694 1
0.640388 47.5808 0.144119 1
0.681278 44.7139 0.132344 1
0.72478 42.019 0.12153 1
0.771059 39.4857 0.111599 1
0.820293 37.1045 0.102478 1
0.872671 34.8661 0.0941022 1
0.928393 32.7621 0.0864097 1
0.987673 30.7843 0.0793451 1
1.05074 28.9252 0.0728571 1
1.11783 27.1776 0.0668988 1
1.18921 25.5349 0.0614269 1
1.26514 23.9908 0.0564018 1
1.34592 22.5394 0.0517869 1
1.43186 21.175 0.0475488 1
1.52329 19.8925 0.0436567 1
1.62056 18.687 0.0400825 1
1.72404 17.5538 0.0368002 1
1.83412 16.4887 0.0337859 1
1.95123 15.4874 0.0310178 1
2.07582 14.5463 0.0284758 1
2.20837 13.6616 0.0261415 1
2.34938 12.83 0.0239978 1
2.49939 12.0484 0.0220293 1
2.65899 11.3136 0.0202216 1
2.82877 10.623 0.0185617 1
3.00939 9.97384 0.0170374 1
3.20155 9.36363 0.0156377 1
3.40598 8.79006 0.0143524 1
3.62346 8.25092 0.0131722 1
3.85483 7.74415 0.0120886 1
4.10097 7.26781 0.0110935 1
4.36282 6.82007 0.0101798 1
4.6414 6.39922 0.00934087 1
4.93777 6.00365 0.00857058 1
5.25306 5.63184 0.00786333 1
5.58848 5.28236 0.00721397 1
5.94532 4.95388 0.00661777 1
6.32494 4.64514 0.0060704 1
6.7288 4.35496 0.00556786 12.2259
7.15845 4.08261 0.00510674 12.3177
7.61554 3.82697 0.00468362 12.4098
8.10181 3.58697 0.00429533 12.5018
8.61913 3.36161 0.00393899 12.5938
9.16948 3.14999 0.00361197 12.6855
9.75498 2.95123 0.00331185 12.7768
10.3779 2.76453 0.0030364 12.8675
11.0405 2.58915 0.00278359 12.9575
11.7455 2.42438 0.00255156 13.0466
12.4955 2.26958 0.0023386 13.1346
13.2933 2.12411 0.00214314 13.2213
14.1421 1.98743 0.00196375 13.3064
15.0451 1.85898 0.00179911 13.3898
16.0058 1.73827 0.001648 13.4712
17.0278 1.62483 0.00150932 13.5503
18.1151 1.51822 0.00138205 13.6269
19.2718 1.41803 0.00126525 13.7008
20.5023 1.32388 0.00115808 13.7715
21.8115 1.2354 0.00105973 13.8387
23.2042 1.15226 0.000969498 13.9023
24.6858 1.07415 0.00088671 13.9617
26.2621 1.00075 0.000810759 14.0166
27.939 0.931804 0.000741088 14.0667
29.723 0.867042 0.000677183 14.1114
31.6209 0.80622 0.000618574 14.1505
33.6399 0.749108 0.000564828 14.1834
35.7879 0.695493 0.000515547 14.2097
38.0731 0.645171 0.000470369 14.2289
40.5041 0.597953 0.000428957 14.2406
43.0904 0.553662 0.000391004 14.2441
45.8419 0.512129 0.000356227 14.2389
48.769 0.473199 0.000324368 14.2246
51.883 0.436725 0.000295188 14.2005
55.1959 0.402567 0.000268468 14.1661
58.7203 0.370596 0.000244007 14.1207
62.4697 0.340691 0.000221621 14.0639
66.4586 0.312736 0.00020114 13.9951
70.7021 0.286623 0.000182408 13.9135
75.2166 0.262251 0.000165282 13.8188
80.0194 0.239525 0.000149631 13.7102
85.1288 0.218354 0.000135333 13.5874
90.5645 0.198653 0.000122279 13.4497
96.3473 0.180343 0.000110365 13.2967
102.499 0.163348 9.94988e-05 13.128
109.044 0.147596 8.95936e-05 12.9432
116.007 0.133019 8.05705e-05 12.7419
123.414 0.119554 7.23567e-05 12.524
131.295 0.107138 6.48855e-05 12.2894
139.678 0.0957141 5.80955e-05 12.0378
148.597 0.0852262 5.19302e-05 11.7695
158.085 0.0756214 4.63377e-05 11.4847
168.179 0.0668486 4.12702e-05 11.1835
178.918 0.058859 3.66839e-05 10.8666
190.342 0.0516055 3.25384e-05 10.5345
202.496 0.0450426 2.87965e-05 10.1881
215.426 0.0391266 2.54239e-05 9.82832
229.182 0.0338148 2.23892e-05 9.45638
243.815 0.0290661 1.96633e-05 9.07361
259.384 0.0248405 1.72196e-05 8.68159
275.946 0.0210993 1.50333e-05 8.28203
293.566 0.0178048 1.30818e-05 7.87686
312.311 0.0149206 1.13441e-05 7.46815
332.253 0.0124113 9.80089e-06 7.05814
353.468 0.010243 8.43429e-06 6.64916
376.038 0.0083828 7.22785e-06 6.24365
400.048 0.00679939 6.16635e-06 5.84412
425.593 0.0054628 5.23576e-06 5.45305
452.768 0.00434463 4.42311e-06 5.07294
481.678 0.00341817 3.71643e-06 4.70618
512.435 0.00265842 3.1047e-06 4.35502
545.155 0.00204224 2.57775e-06 4.02154
579.964 0.00154839 2.12621e-06 3.70757
616.996 0.00115757 1.74148e-06 3.41467
656.393 0.00085246 1.41566e-06 3.14405
698.306 0.000617712 1.14155e-06 2.89655
742.894 0.000439898 9.1255e-07 2.67265
790.33 0.000307447 7.22677e-07 2.47241
840.795 0.000210547 5.66517e-07 2.29549
894.481 0.000141019 4.39193e-07 2.14119
951.596 9.21646e-05 3.36339e-07 2.00845
1012.36 5.86099e-05 2.54074e-07 1.8959
1077 3.61308e-05 1.88969e-07 1.80194
1145.77 2.14813e-05 1.38026e-07 1.72479
1218.93 1.22266e-05 9.86423e-08 1.66256
1296.76 6.58664e-06 6.85838e-08 1.61332
1379.56 3.29552e-06 4.59547e-08 1.5752
1467.65 1.47928e-06 2.91657e-08 1.54642
1561.36 5.5361e-07 1.69016e-08 1.52538
1661.06 1.40671e-07 8.07061e-09 1.51072
1767.12 3.1783e-09 1.14916e-09 1.5009
1879.96 5.20663e-14 4.40595e-12 1.50001
