2592530 1.54994e+06
0.1 88.9534 1.00051 1
0.106385 83.6142 0.918884 1
0.113178 78.5954 0.843913 1
0.120405 73.8776 0.775058 1
0.128093 69.4429 0.711821 1
0.136272 65.2742 0.653742 1
0.144974 61.3556 0.600401 1
0.15423 57.6721 0.551412 1
0.164078 54.2096 0.506419 1
0.174555 50.9549 0.465097 1
0.185701 47.8954 0.427146 1
0.197559 45.0195 0.392291 1
0.210173 42.3161 0.360279 1
0.223593 39.7749 0.33088 1
0.23787 37.3862 0.303879 1
0.253059 35.1409 0.27908 1
0.269217 33.0302 0.256305 1
0.286408 31.0462 0.235388 1
0.304695 29.1813 0.216178 1
0.324151 27.4282 0.198535 1
0.344849 25.7803 0.182331 1
0.366868 24.2313 0.16745 1
0.390294 22.7753 0.153782 1
0.415215 21.4066 0.14123 1
0.441728 20.1201 0.129702 1
0.469933 18.9107 0.119114 1
0.499939 17.774 0.109391 1
0.531862 16.7054 0.100461 1
0.565823 15.701 0.0922592 1
0.601952 14.7568 0.0847269 1
0.640388 13.8693 0.0778092 1
0.681278 13.035 0.071456 1
0.72478 12.2509 0.0656213 1
0.771059 11.5137 0.0602626 1
0.820293 10.8208 0.0553413 1
0.872671 10.1695 0.0508215 1
0.928393 9.55728 0.0466706 1
0.987673 8.9818 0.0428585 1
1.05074 8.44084 0.0393574 1
1.11783 7.93235 0.0361421 1
1.18921 7.45438 0.0331892 1
1.26514 7.00509 0.0304773 1
1.34592 6.58277 0.0279868 1
1.43186 6.18578 0.0256995 1
1.52329 5.81263 0.0235989 1
1.62056 5.46186 0.0216698 1
1.72404 5.13215 0.0198982 1
1.83412 4.82223 0.0182712 1
1.95123 4.5309 0.016777 1
2.07582 4.25706 0.0154048 1
2.20837 3.99966 0.0141446 1
2.34938 3.7577 0.0129873 1
2.49939 3.53027 0.0119245 1
2.65899 3.31648 0.0109485 1
2.82877 3.11553 0.0100522 1
3.00939 2.92664 0.00922905 1
3.20155 2.74908 0.00847315 1
3.40598 2.58218 0.00777899 1
3.62346 2.4253 0.00714153 1
3.85483 2.27784 0.00655615 1
4.10097 2.13922 0.00601858 1
4.36282 2.00893 0.00552494 1
4.6414 1.88646 0.00507163 1
4.93777 1.77134 0.00465536 1
5.25306 1.66313 0.00427311 1
5.58848 1.56142 0.00392211 1
5.94532 1.46581 0.00359979 1
6.32494 1.37594 0.00330383 1
6.7288 1.29147 0.00303207 6.26979
7.15845 1.21247 0.00278298 6.31531
7.61554 1.13854 0.00255462 6.36193
8.10181 1.06931 0.00234522 6.40962
8.61913 1.00445 0.00215315 6.4583
9.16948 0.943654 0.00197695 6.50791
9.75498 0.886638 0.00181527 6.55841
10.3779 0.833142 0.00166689 6.60972
11.0405 0.782927 0.00153069 6.66178
11.7455 0.73577 0.00140565 6.71452
12.4955 0.691469 0.00129083 6.76789
13.2933 0.649836 0.0011854 6.82179
14.1421 0.610695 0.00108856 6.87617
15.0451 0.573886 0.000999615 6.93094
16.0058 0.53926 0.000917905 6.98603
17.0278 0.506679 0.000842837 7.04135
18.1151 0.476013 0.000773866 7.09681
19.2718 0.447144 0.000710491 7.15233
20.5023 0.41996 0.000652255 7.20781
21.8115 0.394358 0.000598739 7.26314
23.2042 0.370243 0.000549559 7.31823
24.6858 0.347523 0.000504361 7.37296
26.2621 0.326116 0.000462823 7.42721
27.939 0.305944 0.000424647 7.48088
29.723 0.286934 0.000389562 7.53382
31.6209 0.269017 0.000357317 7.5859
33.6399 0.252129 0.000327684 7.63699
35.7879 0.236211 0.00030045 7.68693
38.0731 0.221207 0.000275423 7.73556
40.5041 0.207065 0.000252425 7.78273
43.0904 0.193735 0.000231293 7.82825
45.8419 0.181171 0.000211876 7.87195
48.769 0.16933 0.000194036 7.91363
51.883 0.158172 0.000177648 7.9531
55.1959 0.147658 0.000162593 7.99013
58.7203 0.137752 0.000148765 8.02452
62.4697 0.12842 0.000136065 8.05604
66.4586 0.119632 0.000124404 8.08443
70.7021 0.111357 0.000113696 8.10946
75.2166 0.103567 0.000103867 8.13085
80.0194 0.0962355 9.48448e-05 8.14835
85.1288 0.0893382 8.65652e-05 8.16167
90.5645 0.0828514 7.89684e-05 8.17051
96.3473 0.0767532 7.19997e-05 8.1746
102.499 0.0710229 6.56085e-05 8.17361
109.044 0.0656409 5.97485e-05 8.16724
116.007 0.0605887 5.43769e-05 8.15516
123.414 0.0558491 4.94545e-05 8.13707
131.295 0.0514057 4.4945e-05 8.11263
139.678 0.0472431 4.08154e-05 8.08152
148.597 0.0433465 3.70348e-05 8.04343
158.085 0.0397024 3.35753e-05 7.99802
168.179 0.0362976 3.04109e-05 7.945
178.918 0.0331198 2.75178e-05 7.88408
190.342 0.0301575 2.4874e-05 7.81496
202.496 0.0273995 2.24594e-05 7.73739
215.426 0.0248353 2.02554e-05 7.65114
229.182 0.022455 1.82449e-05 7.556
243.815 0.020249 1.64121e-05 7.4518
259.384 0.0182084 1.47427e-05 7.33841
275.946 0.0163245 1.32233e-05 7.21576
293.566 0.014589 1.18416e-05 7.08383
312.311 0.0129939 1.05864e-05 6.94265
332.253 0.0115317 9.44722e-06 6.79234
353.468 0.010195 8.41452e-06 6.63307
376.038 0.00897662 7.47947e-06 6.46511
400.048 0.00786974 6.63397e-06 6.28882
425.593 0.00686768 5.87053e-06 6.10464
452.768 0.00596395 5.18224e-06 5.91313
481.678 0.00515225 4.56276e-06 5.71493
512.435 0.00442643 4.00622e-06 5.51078
545.155 0.0037805 3.50721e-06 5.30155
579.964 0.00320862 3.06073e-06 5.08818
616.996 0.00270511 2.66218e-06 4.87173
656.393 0.00226443 2.30729e-06 4.65333
698.306 0.00188121 1.99214e-06 4.4342
742.894 0.00155025 1.71309e-06 4.21561
790.33 0.00126653 1.46679e-06 3.99888
840.795 0.00102524 1.25011e-06 3.78534
894.481 0.000821762 1.06021e-06 3.57635
951.596 0.000651735 8.94399e-07 3.37321
1012.36 0.000511031 7.50236e-07 3.17715
1077 0.000395788 6.25438e-07 2.9893
1145.77 0.000302426 5.17895e-07 2.81065
1218.93 0.000227652 4.25644e-07 2.64198
1296.76 0.00016847 3.46857e-07 2.48377
1379.56 0.000122182 2.79816e-07 2.33615
1467.65 8.63879e-05 2.22881e-07 2.19874
1561.36 5.89728e-05 1.74442e-07 2.0704
1661.06 3.80972e-05 1.32816e-07 1.94883
1767.12 2.21767e-05 9.59913e-08 1.82947
1879.96 9.8595e-06 6.06302e-08 1.70208
