6774030 4.04984e+06
0.1 4.78522 0.232056 1
0.106385 4.49799 0.213123 1
0.113178 4.22799 0.195734 1
0.120405 3.97418 0.179764 1
0.128093 3.73558 0.165096 1
0.136272 3.5113 0.151625 1
0.144974 3.30047 0.139252 1
0.15423 3.10228 0.127889 1
0.164078 2.91598 0.117453 1
0.174555 2.74085 0.107868 1
0.185701 2.57623 0.0990652 1
0.197559 2.42148 0.0909804 1
0.210173 2.27601 0.0835552 1
0.223593 2.13926 0.0767357 1
0.23787 2.01072 0.0704726 1
0.253059 1.88989 0.0647204 1
0.269217 1.77631 0.0594376 1
0.286408 1.66954 0.0545857 1
0.304695 1.56918 0.0501297 1
0.324151 1.47483 0.0460372 1
0.344849 1.38615 0.0422787 1
0.366868 1.30278 0.0388268 1
0.390294 1.22442 0.0356565 1
0.415215 1.15076 0.032745 1
0.441728 1.08151 0.030071 1
0.469933 1.01643 0.0276152 1
0.499939 0.955241 0.0253598 1
0.531862 0.897728 0.0232884 1
0.565823 0.843665 0.0213861 1
0.601952 0.792846 0.019639 1
0.640388 0.745076 0.0180345 1
0.681278 0.700172 0.0165609 1
0.72478 0.657962 0.0152076 1
0.771059 0.618285 0.0139648 1
0.820293 0.580988 0.0128234 1
0.872671 0.545929 0.0117751 1
0.928393 0.512974 0.0108125 1
0.987673 0.481996 0.00992835 1
1.05074 0.452877 0.00911642 1
1.11783 0.425505 0.00837077 1
1.18921 0.399776 0.00768599 1
1.26514 0.37559 0.00705712 1
1.34592 0.352856 0.00647959 1
1.43186 0.331486 0.00594922 1
1.52329 0.311398 0.00546216 1
1.62056 0.292515 0.00501487 1
1.72404 0.274766 0.00460411 1
1.83412 0.258082 0.00422689 1
1.95123 0.242399 0.00388049 1
2.07582 0.227657 0.00356238 1
2.20837 0.2138 0.00327026 1
2.34938 0.200774 0.003002 1
2.49939 0.18853 0.00275567 1
2.65899 0.177021 0.00252946 1
2.82877 0.166202 0.00232173 1
3.00939 0.156033 0.00213099 1
3.20155 0.146474 0.00195583 1
3.40598 0.137488 0.00179499 1
3.62346 0.129042 0.00164731 1
3.85483 0.121103 0.0015117 1
4.10097 0.113641 0.00138718 1
4.36282 0.106626 0.00127285 1
4.6414 0.100032 0.00116787 1
4.93777 0.093834 0.00107148 1
5.25306 0.088008 0.000982975 1
5.58848 0.0825317 0.000901717 1
5.94532 0.0773841 0.000827113 1
6.32494 0.0725456 0.000758618 1
6.7288 0.0679975 0.000695733 2.17005
7.15845 0.0641188 0.000639982 2.17842
7.61554 0.0607992 0.00059034 2.18946
8.10181 0.057944 0.00054593 2.20305
8.61913 0.0554728 0.000506001 2.21906
9.16948 0.053317 0.000469919 2.23738
9.75498 0.0514186 0.000437148 2.25787
10.3779 0.0497289 0.000407241 2.28041
11.0405 0.0482066 0.000379822 2.30487
11.7455 0.0468177 0.000354577 2.33111
12.4955 0.0455337 0.000331245 2.35903
13.2933 0.0443311 0.000309611 2.38851
14.1421 0.0431908 0.000289492 2.41943
15.0451 0.0420973 0.000270737 2.45169
16.0058 0.0410382 0.000253217 2.48519
17.0278 0.0400037 0.000236825 2.51983
18.1151 0.0389863 0.000221469 2.55553
19.2718 0.0379803 0.000207068 2.5922
20.5023 0.0369813 0.000193555 2.62976
21.8115 0.0359866 0.000180868 2.66813
23.2042 0.0349942 0.000168954 2.70725
24.6858 0.0340031 0.000157764 2.74704
26.2621 0.0330129 0.000147255 2.78743
27.939 0.0320238 0.000137386 2.82837
29.723 0.0310365 0.000128122 2.86979
31.6209 0.0300518 0.000119426 2.91162
33.6399 0.0290708 0.000111268 2.95382
35.7879 0.0280949 0.000103618 2.99633
38.0731 0.0271254 9.64471e-05 3.03908
40.5041 0.0261638 8.97284e-05 3.08202
43.0904 0.0252115 8.34368e-05 3.12509
45.8419 0.0242699 7.75481e-05 3.16824
48.769 0.0233405 7.20395e-05 3.21141
51.883 0.0224245 6.68892e-05 3.25454
55.1959 0.0215232 6.20764e-05 3.29758
58.7203 0.0206377 5.75815e-05 3.34045
62.4697 0.019769 5.33856e-05 3.38311
66.4586 0.0189182 4.94709e-05 3.42549
70.7021 0.0180861 4.58206e-05 3.46751
75.2166 0.0172733 4.24184e-05 3.50912
80.0194 0.0164805 3.92493e-05 3.55024
85.1288 0.0157084 3.62986e-05 3.5908
90.5645 0.0149572 3.35528e-05 3.63072
96.3473 0.0142274 3.09988e-05 3.66992
102.499 0.0135192 2.86244e-05 3.70832
109.044 0.0128328 2.6418e-05 3.74583
116.007 0.0121683 2.43687e-05 3.78236
123.414 0.0115257 2.24663e-05 3.81781
131.295 0.0109051 2.07009e-05 3.85208
139.678 0.0103062 1.90636e-05 3.88507
148.597 0.00972909 1.75457e-05 3.91667
158.085 0.00917343 1.6139e-05 3.94676
168.179 0.00863901 1.48362e-05 3.97522
178.918 0.00812557 1.363e-05 4.00193
190.342 0.0076328 1.25138e-05 4.02676
202.496 0.00716036 1.14814e-05 4.04956
215.426 0.00670788 1.05269e-05 4.0702
229.182 0.00627498 9.64475e-06 4.08852
243.815 0.00586126 8.82996e-06 4.10439
259.384 0.00546628 8.07771e-06 4.11763
275.946 0.00508963 7.38353e-06 4.12808
293.566 0.00473086 6.74325e-06 4.13558
312.311 0.00438951 6.15299e-06 4.13994
332.253 0.00406514 5.60912e-06 4.141
353.468 0.00375728 5.10825e-06 4.13857
376.038 0.00346546 4.64724e-06 4.13246
400.048 0.00318924 4.22315e-06 4.12248
425.593 0.00292813 3.83325e-06 4.10845
452.768 0.00268168 3.475e-06 4.09017
481.678 0.00244943 3.14603e-06 4.06745
512.435 0.00223093 2.84414e-06 4.04009
545.155 0.0020257 2.56729e-06 4.0079
579.964 0.0018333 2.31357e-06 3.97069
616.996 0.00165329 2.08122e-06 3.92826
656.393 0.00148519 1.86859e-06 3.88042
698.306 0.00132859 1.67416e-06 3.82698
742.894 0.00118301 1.4965e-06 3.76774
790.33 0.00104803 1.33428e-06 3.70251
840.795 0.00092321 1.18628e-06 3.6311
894.481 0.000808099 1.05135e-06 3.55327
951.596 0.000702263 9.28422e-07 3.46881
1012.36 0.000605267 8.16484e-07 3.37746
1077 0.000516675 7.14598e-07 3.2789
1145.77 0.000436054 6.21874e-07 3.17277
1218.93 0.000362975 5.37464e-07 3.05857
1296.76 0.00029701 4.60548e-07 2.93568
1379.56 0.000237738 3.90317e-07 2.8032
1467.65 0.000184741 3.25933e-07 2.65982
1561.36 0.000137613 2.66474e-07 2.50351
1661.06 9.59533e-05 2.10782e-07 2.33085
1767.12 5.93763e-05 1.57069e-07 2.13527
1879.96 2.75101e-05 1.01276e-07 1.90051
