6974742 4.16983e+06
0.1 3.57494 0.200575 1
0.106385 3.36035 0.18421 1
0.113178 3.15863 0.16918 1
0.120405 2.96901 0.155376 1
0.128093 2.79075 0.142698 1
0.136272 2.62318 0.131054 1
0.144974 2.46566 0.12036 1
0.15423 2.31758 0.110538 1
0.164078 2.17839 0.101517 1
0.174555 2.04753 0.0932322 1
0.185701 1.92453 0.0856232 1
0.197559 1.8089 0.0786349 1
0.210173 1.70021 0.0722167 1
0.223593 1.59803 0.0663221 1
0.23787 1.50199 0.0609084 1
0.253059 1.4117 0.0559364 1
0.269217 1.32683 0.0513699 1
0.286408 1.24705 0.0471761 1
0.304695 1.17205 0.0433244 1
0.324151 1.10155 0.0397869 1
0.344849 1.03528 0.0365381 1
0.366868 0.972988 0.0335544 1
0.390294 0.91443 0.0308141 1
0.415215 0.859385 0.0282974 1
0.441728 0.807641 0.0259861 1
0.469933 0.759001 0.0238634 1
0.499939 0.71328 0.0219139 1
0.531862 0.6703 0.0201235 1
0.565823 0.6299 0.0184792 1
0.601952 0.591923 0.0169691 1
0.640388 0.556224 0.0155822 1
0.681278 0.522667 0.0143085 1
0.72478 0.491123 0.0131388 1
0.771059 0.461471 0.0120646 1
0.820293 0.433598 0.011078 1
0.872671 0.407398 0.010172 1
0.928393 0.38277 0.00933996 1
0.987673 0.359619 0.00857584 1
1.05074 0.337857 0.00787409 1
1.11783 0.317401 0.00722964 1
1.18921 0.298172 0.00663781 1
1.26514 0.280097 0.00609431 1
1.34592 0.263107 0.00559519 1
1.43186 0.247136 0.00513683 1
1.52329 0.232123 0.00471591 1
1.62056 0.218011 0.00432937 1
1.72404 0.204746 0.0039744 1
1.83412 0.192277 0.00364843 1
1.95123 0.180556 0.00334909 1
2.07582 0.169538 0.00307421 1
2.20837 0.159181 0.00282179 1
2.34938 0.149446 0.00259 1
2.49939 0.140296 0.00237716 1
2.65899 0.131694 0.00218171 1
2.82877 0.123608 0.00200225 1
3.00939 0.116008 0.00183745 1
3.20155 0.108864 0.00168614 1
3.40598 0.102148 0.0015472 1
3.62346 0.0958358 0.00141962 1
3.85483 0.0899022 0.00130248 1
4.10097 0.0843247 0.00119493 1
4.36282 0.0790819 0.00109618 1
4.6414 0.0741538 0.00100552 1
4.93777 0.0695215 0.000922279 1
5.25306 0.0651673 0.000845855 1
5.58848 0.0610744 0.000775692 1
5.94532 0.0572271 0.000711279 1
6.32494 0.0536109 0.000652145 1
6.7288 0.0502117 0.000597859 2.04741
7.15845 0.047413 0.000550331 2.05476
7.61554 0.0451085 0.000508491 2.06505
8.10181 0.0432075 0.000471425 2.07812
8.61913 0.0416332 0.00043836 2.09385
9.16948 0.0403205 0.000408651 2.11207
9.75498 0.0392146 0.000381762 2.13263
10.3779 0.0382698 0.000357253 2.15537
11.0405 0.0374477 0.000334764 2.18015
11.7455 0.0367169 0.000314006 2.2068
12.4955 0.0360515 0.000294744 2.2352
13.2933 0.0354304 0.00027679 2.2652
14.1421 0.0348366 0.000259992 2.29667
15.0451 0.0342569 0.000244227 2.32951
16.0058 0.0336807 0.000229398 2.3636
17.0278 0.0331001 0.000215423 2.39884
18.1151 0.0325093 0.000202237 2.43512
19.2718 0.0319043 0.000189784 2.47236
20.5023 0.0312822 0.000178017 2.51048
21.8115 0.0306417 0.000166897 2.5494
23.2042 0.0299823 0.000156388 2.58904
24.6858 0.0293041 0.000146458 2.62933
26.2621 0.0286081 0.00013708 2.6702
27.939 0.0278955 0.000128226 2.7116
29.723 0.027168 0.000119871 2.75346
31.6209 0.0264275 0.000111993 2.79572
33.6399 0.025676 0.00010457 2.83832
35.7879 0.0249158 9.75797e-05 2.8812
38.0731 0.024149 9.10019e-05 2.92432
40.5041 0.0233779 8.48169e-05 2.96762
43.0904 0.0226046 7.90054e-05 3.01104
45.8419 0.0218313 7.3549e-05 3.05453
48.769 0.0210599 6.84296e-05 3.09803
51.883 0.0202924 6.363e-05 3.14149
55.1959 0.0195307 5.91333e-05 3.18485
58.7203 0.0187763 5.49233e-05 3.22805
62.4697 0.0180308 5.09846e-05 3.27104
66.4586 0.0172957 4.73019e-05 3.31376
70.7021 0.0165722 4.3861e-05 3.35613
75.2166 0.0158615 4.06481e-05 3.3981
80.0194 0.0151647 3.76498e-05 3.4396
85.1288 0.0144825 3.48535e-05 3.48056
90.5645 0.0138159 3.22472e-05 3.5209
96.3473 0.0131654 2.98194e-05 3.56055
102.499 0.0125317 2.75592e-05 3.59943
109.044 0.0119152 2.5456e-05 3.63746
116.007 0.0113163 2.35002e-05 3.67454
123.414 0.0107353 2.16822e-05 3.71059
131.295 0.0101724 1.99934e-05 3.74551
139.678 0.00962766 1.84253e-05 3.7792
148.597 0.00910124 1.69701e-05 3.81155
158.085 0.00859311 1.56202e-05 3.84245
168.179 0.00810322 1.43688e-05 3.87179
178.918 0.00763147 1.32091e-05 3.89945
190.342 0.00717771 1.2135e-05 3.92529
202.496 0.00674176 1.11407e-05 3.9492
215.426 0.0063234 1.02207e-05 3.97102
229.182 0.00592237 9.36985e-06 3.99062
243.815 0.0055384 8.58333e-06 4.00785
259.384 0.00517119 7.85665e-06 4.02255
275.946 0.00482041 7.18559e-06 4.03457
293.566 0.00448572 6.56623e-06 4.04373
312.311 0.00416679 5.99486e-06 4.04987
332.253 0.00386323 5.46805e-06 4.05281
353.468 0.00357468 4.98258e-06 4.05237
376.038 0.00330076 4.53546e-06 4.04837
400.048 0.00304109 4.1239e-06 4.04063
425.593 0.00279527 3.74527e-06 4.02894
452.768 0.00256291 3.39717e-06 4.01312
481.678 0.00234362 3.07732e-06 3.99297
512.435 0.002137 2.78363e-06 3.96829
545.155 0.00194266 2.51412e-06 3.93889
579.964 0.0017602 2.26697e-06 3.90456
616.996 0.00158922 2.0405e-06 3.86511
656.393 0.00142932 1.83311e-06 3.82034
698.306 0.00128012 1.64334e-06 3.77003
742.894 0.00114121 1.46982e-06 3.714
790.33 0.00101221 1.31128e-06 3.65203
840.795 0.000892709 1.16652e-06 3.5839
894.481 0.000782325 1.03445e-06 3.50938
951.596 0.000680661 9.14031e-07 3.42823
1012.36 0.000587325 8.04291e-07 3.34017
1077 0.000501923 7.04323e-07 3.24488
1145.77 0.000424066 6.13266e-07 3.14197
1218.93 0.000353364 5.303e-07 3.03094
1296.76 0.00028943 4.54633e-07 2.91115
1379.56 0.00023188 3.85478e-07 2.7817
1467.65 0.000180337 3.22024e-07 2.64131
1561.36 0.000134427 2.63371e-07 2.48796
1661.06 9.3786e-05 2.08388e-07 2.31829
1767.12 5.80603e-05 1.55318e-07 2.12585
1879.96 2.69074e-05 1.00161e-07 1.89464
