1973668 1.17995e+06
0.1 141.702 1.26279 1
0.106385 133.197 1.15976 1
0.113178 125.202 1.06514 1
0.120405 117.686 0.97823 1
0.128093 110.622 0.898415 1
0.136272 103.981 0.82511 1
0.144974 97.7383 0.757786 1
0.15423 91.8703 0.695954 1
0.164078 86.3543 0.639166 1
0.174555 81.1692 0.587011 1
0.185701 76.2952 0.53911 1
0.197559 71.7136 0.495118 1
0.210173 67.4068 0.454714 1
0.223593 63.3585 0.417607 1
0.23787 59.553 0.383527 1
0.253059 55.9759 0.352228 1
0.269217 52.6133 0.323482 1
0.286408 49.4525 0.297081 1
0.304695 46.4814 0.272834 1
0.324151 43.6885 0.250566 1
0.344849 41.0632 0.230114 1
0.366868 38.5954 0.211331 1
0.390294 36.2757 0.194081 1
0.415215 34.0952 0.178238 1
0.441728 32.0455 0.163687 1
0.469933 30.1188 0.150324 1
0.499939 28.3077 0.138052 1
0.531862 26.6053 0.12678 1
0.565823 25.005 0.116429 1
0.601952 23.5008 0.106922 1
0.640388 22.0868 0.0981907 1
0.681278 20.7577 0.0901721 1
0.72478 19.5083 0.0828078 1
0.771059 18.3339 0.0760445 1
0.820293 17.23 0.0698331 1
0.872671 16.1923 0.0641286 1
0.928393 15.2169 0.0588897 1
0.987673 14.3 0.0540783 1
1.05074 13.4381 0.0496596 1
1.11783 12.628 0.0456016 1
1.18921 11.8665 0.0418748 1
1.26514 11.1506 0.0384521 1
1.34592 10.4778 0.0353089 1
1.43186 9.8453 0.0324222 1
1.52329 9.25077 0.0297711 1
1.62056 8.69192 0.0273365 1
1.72404 8.16661 0.0251006 1
1.83412 7.67282 0.0230473 1
1.95123 7.20867 0.0211616 1
2.07582 6.77238 0.0194299 1
2.20837 6.36227 0.0178396 1
2.34938 5.97677 0.0163791 1
2.49939 5.61441 0.0150379 1
2.65899 5.2738 0.0138063 1
2.82877 4.95364 0.0126752 1
3.00939 4.65268 0.0116366 1
3.20155 4.3698 0.0106827 1
3.40598 4.10389 0.00980681 1
3.62346 3.85394 0.00900247 1
3.85483 3.619 0.00826384 1
4.10097 3.39816 0.00758557 1
4.36282 3.19058 0.00696273 1
4.6414 2.99546 0.0063908 1
4.93777 2.81205 0.00586562 1
5.25306 2.63965 0.00538338 1
5.58848 2.47761 0.00494056 1
5.94532 2.32529 0.00453396 1
6.32494 2.18213 0.00416061 1
6.7288 2.04755 0.00381781 7.98534
7.15845 1.92146 0.00350341 8.04533
7.61554 1.80327 0.00321502 8.1062
8.10181 1.69244 0.00295046 8.16789
8.61913 1.58848 0.00270771 8.23032
9.16948 1.49094 0.00248496 8.29342
9.75498 1.39939 0.00228054 8.35711
10.3779 1.31343 0.00209291 8.42131
11.0405 1.23271 0.00192068 8.48594
11.7455 1.15688 0.00176258 8.55091
12.4955 1.08563 0.00161743 8.61611
13.2933 1.01868 0.00148416 8.68147
14.1421 0.955741 0.00136179 8.74687
15.0451 0.896573 0.00124943 8.8122
16.0058 0.840936 0.00114625 8.87736
17.0278 0.788612 0.0010515 8.94222
18.1151 0.739397 0.000964484 9.00666
19.2718 0.693101 0.000884572 9.07054
20.5023 0.649545 0.000811182 9.13373
21.8115 0.608564 0.000743782 9.19607
23.2042 0.570002 0.000681882 9.25742
24.6858 0.533714 0.000625035 9.3176
26.2621 0.499565 0.000572828 9.37644
27.939 0.467427 0.000524885 9.43376
29.723 0.437182 0.000480858 9.48937
31.6209 0.408718 0.00044043 9.54306
33.6399 0.381931 0.000403307 9.59462
35.7879 0.356723 0.000369222 9.64383
38.0731 0.333002 0.000337928 9.69044
40.5041 0.310683 0.000309199 9.73421
43.0904 0.289684 0.000282827 9.77488
45.8419 0.269931 0.000258621 9.81217
48.769 0.251351 0.000236405 9.8458
51.883 0.233879 0.000216018 9.87547
55.1959 0.217451 0.000197312 9.90086
58.7203 0.202009 0.000180151 9.92166
62.4697 0.187497 0.00016441 9.93753
66.4586 0.173864 0.000149974 9.94813
70.7021 0.161061 0.000136736 9.95308
75.2166 0.149042 0.000124601 9.95202
80.0194 0.137763 0.000113478 9.94458
85.1288 0.127184 0.000103286 9.93037
90.5645 0.117267 9.39489e-05 9.90898
96.3473 0.107976 8.53977e-05 9.88004
102.499 0.0992775 7.75687e-05 9.84313
109.044 0.0911391 7.04031e-05 9.79786
116.007 0.083531 6.38472e-05 9.74383
123.414 0.0764248 5.78515e-05 9.68066
131.295 0.069794 5.23703e-05 9.60797
139.678 0.0636133 4.73618e-05 9.52539
148.597 0.0578588 4.27876e-05 9.43259
158.085 0.052508 3.86122e-05 9.32926
168.179 0.0475397 3.48032e-05 9.21511
178.918 0.0429335 3.13305e-05 9.08991
190.342 0.0386702 2.81667e-05 8.95346
202.496 0.0347314 2.52865e-05 8.80562
215.426 0.0310999 2.26665e-05 8.64631
229.182 0.0277588 2.02855e-05 8.47553
243.815 0.0246922 1.81235e-05 8.29336
259.384 0.0218847 1.61627e-05 8.09995
275.946 0.0193218 1.43861e-05 7.89556
293.566 0.016989 1.27786e-05 7.68056
312.311 0.0148728 1.1326e-05 7.45541
332.253 0.0129598 1.00151e-05 7.22072
353.468 0.0112372 8.83415e-06 6.97719
376.038 0.00969241 7.77196e-06 6.72566
400.048 0.00831332 6.81837e-06 6.46712
425.593 0.0070881 5.96399e-06 6.20265
452.768 0.00600525 5.20015e-06 5.93348
481.678 0.0050536 4.51887e-06 5.66095
512.435 0.0042223 3.91276e-06 5.3865
545.155 0.00350085 3.375e-06 5.11168
579.964 0.0028791 2.8993e-06 4.8381
616.996 0.00234729 2.47986e-06 4.56742
656.393 0.00189607 2.1113e-06 4.30135
698.306 0.00151654 1.78866e-06 4.04157
742.894 0.00120027 1.50737e-06 3.78973
790.33 0.000939322 1.26318e-06 3.54744
840.795 0.000726322 1.05221e-06 3.31617
894.481 0.000554441 8.70853e-07 3.09725
951.596 0.000417438 7.158e-07 2.89187
1012.36 0.000309666 5.84011e-07 2.70098
1077 0.000226079 4.72697e-07 2.52529
1145.77 0.000162224 3.79306e-07 2.36527
1218.93 0.000114228 3.01506e-07 2.22109
1296.76 7.87704e-05 2.37176e-07 2.09263
1379.56 5.30516e-05 1.84382e-07 1.97945
1467.65 3.47479e-05 1.41355e-07 1.88074
1561.36 2.19633e-05 1.06457e-07 1.79527
1661.06 1.31764e-05 7.81092e-08 1.72115
1767.12 7.18278e-06 5.46298e-08 1.65539
1879.96 3.03795e-06 3.36552e-08 1.59219
