1220998 729971
0.1 299.328 1.83534 1
0.106385 281.362 1.68559 1
0.113178 264.472 1.54807 1
0.120405 248.596 1.42176 1
0.128093 233.672 1.30575 1
0.136272 219.642 1.19921 1
0.144974 206.454 1.10135 1
0.15423 194.058 1.01148 1
0.164078 182.404 0.928943 1
0.174555 171.45 0.853137 1
0.185701 161.152 0.783516 1
0.197559 151.473 0.719573 1
0.210173 142.374 0.660848 1
0.223593 133.82 0.606913 1
0.23787 125.78 0.557378 1
0.253059 118.222 0.511885 1
0.269217 111.118 0.470103 1
0.286408 104.439 0.43173 1
0.304695 98.1614 0.396488 1
0.324151 92.2603 0.364121 1
0.344849 86.7131 0.334394 1
0.366868 81.4988 0.307094 1
0.390294 76.5973 0.282021 1
0.415215 71.9898 0.258993 1
0.441728 67.6587 0.237845 1
0.469933 63.5875 0.218422 1
0.499939 59.7606 0.200584 1
0.531862 56.1632 0.184202 1
0.565823 52.7817 0.169156 1
0.601952 49.6031 0.155339 1
0.640388 46.6152 0.142649 1
0.681278 43.8065 0.130994 1
0.72478 41.1664 0.120291 1
0.771059 38.6847 0.110461 1
0.820293 36.3519 0.101434 1
0.872671 34.1591 0.0931431 1
0.928393 32.0978 0.0855292 1
0.987673 30.1603 0.0785367 1
1.05074 28.339 0.0721151 1
1.11783 26.627 0.0662176 1
1.18921 25.0177 0.0608016 1
1.26514 23.505 0.0558277 1
1.34592 22.083 0.05126 1
1.43186 20.7464 0.0470652 1
1.52329 19.49 0.0432128 1
1.62056 18.309 0.0396751 1
1.72404 17.1989 0.0364263 1
1.83412 16.1554 0.0334427 1
1.95123 15.1746 0.0307029 1
2.07582 14.2525 0.0281868 1
2.20837 13.3859 0.0258763 1
2.34938 12.5712 0.0237545 1
2.49939 11.8055 0.0218061 1
2.65899 11.0857 0.0200169 1
2.82877 10.4091 0.0183739 1
3.00939 9.77312 0.0168651 1
3.20155 9.17532 0.0154797 1
3.40598 8.61341 0.0142075 1
3.62346 8.08524 0.0130393 1
3.85483 7.58878 0.0119667 1
4.10097 7.12213 0.0109817 1
4.36282 6.68349 0.0100774 1
4.6414 6.2712 0.00924697 1
4.93777 5.88368 0.00848451 1
5.25306 5.51942 0.00778445 1
5.58848 5.17705 0.0071417 1
5.94532 4.85525 0.00655156 1
6.32494 4.55279 0.00600975 1
6.7288 4.2685 0.00551231 12.0834
7.15845 4.0017 0.00505589 12.1743
7.61554 3.75127 0.00463706 12.2654
8.10181 3.51616 0.00425272 12.3565
8.61913 3.2954 0.00390001 12.4476
9.16948 3.0881 0.00357631 12.5385
9.75498 2.8934 0.00327924 12.629
10.3779 2.71052 0.00300659 12.719
11.0405 2.53873 0.00275635 12.8083
11.7455 2.37733 0.00252667 12.8967
12.4955 2.22568 0.00231587 12.9841
13.2933 2.08319 0.0021224 13.0702
14.1421 1.94929 0.00194482 13.1549
15.0451 1.82347 0.00178184 13.2379
16.0058 1.70522 0.00163226 13.3189
17.0278 1.59409 0.00149497 13.3978
18.1151 1.48965 0.00136898 13.4743
19.2718 1.3915 0.00125336 13.5481
20.5023 1.29925 0.00114726 13.6188
21.8115 1.21257 0.00104989 13.6862
23.2042 1.13111 0.000960558 13.75
24.6858 1.05457 0.000878592 13.8098
26.2621 0.982652 0.000803394 13.8652
27.939 0.915089 0.000734411 13.9159
29.723 0.851624 0.000671135 13.9615
31.6209 0.792016 0.000613101 14.0015
33.6399 0.736042 0.00055988 14.0355
35.7879 0.68349 0.000511079 14.0631
38.0731 0.634162 0.000466338 14.0837
40.5041 0.587874 0.000425326 14.097
43.0904 0.54445 0.000387737 14.1023
45.8419 0.503727 0.000353293 14.0992
48.769 0.465551 0.000321736 14.0871
51.883 0.429779 0.000292831 14.0655
55.1959 0.396275 0.000266362 14.0337
58.7203 0.364912 0.000242129 13.9914
62.4697 0.33557 0.000219949 13.9377
66.4586 0.308137 0.000199656 13.8723
70.7021 0.282508 0.000181094 13.7944
75.2166 0.258582 0.000164122 13.7036
80.0194 0.236267 0.00014861 13.5993
85.1288 0.215474 0.000134438 13.4809
90.5645 0.19612 0.000121497 13.3479
96.3473 0.178128 0.000109685 13.1999
102.499 0.161422 9.89105e-05 13.0364
109.044 0.145933 8.90875e-05 12.8571
116.007 0.131595 8.01379e-05 12.6615
123.414 0.118344 7.19897e-05 12.4496
131.295 0.106121 6.4577e-05 12.221
139.678 0.0948699 5.78387e-05 11.9758
148.597 0.084535 5.17192e-05 11.7139
158.085 0.0750652 4.6167e-05 11.4356
168.179 0.0664106 4.11348e-05 11.1412
178.918 0.0585236 3.65793e-05 10.831
190.342 0.0513583 3.24604e-05 10.5056
202.496 0.0448705 2.87414e-05 10.1659
215.426 0.0390173 2.53883e-05 9.8128
229.182 0.0337573 2.23701e-05 9.44736
243.815 0.0290506 1.96581e-05 9.07091
259.384 0.024858 1.72256e-05 8.68496
275.946 0.021142 1.50485e-05 8.29119
293.566 0.0178659 1.31042e-05 7.89144
312.311 0.0149941 1.1372e-05 7.48775
332.253 0.0124923 9.83282e-06 7.08229
353.468 0.0103272 8.46891e-06 6.67736
376.038 0.00846696 7.26404e-06 6.27535
400.048 0.0068808 6.20315e-06 5.87872
425.593 0.00553946 5.27237e-06 5.48995
452.768 0.00441517 4.45887e-06 5.11151
481.678 0.00348169 3.75081e-06 4.74578
512.435 0.0027145 3.13728e-06 4.39503
545.155 0.0020908 2.60821e-06 4.06135
579.964 0.00158965 2.15435e-06 3.74662
616.996 0.00119197 1.76716e-06 3.45242
656.393 0.000880605 1.43884e-06 3.18004
698.306 0.000640297 1.16223e-06 2.93039
742.894 0.000457663 9.30794e-07 2.70401
790.33 0.000321135 7.38589e-07 2.50106
840.795 0.000220868 5.80236e-07 2.32128
894.481 0.000148626 4.50884e-07 2.16405
951.596 9.76387e-05 3.46184e-07 2.02839
1012.36 6.24492e-05 2.62263e-07 1.91301
1077 3.87498e-05 1.95699e-07 1.81636
1145.77 2.32146e-05 1.43487e-07 1.73673
1218.93 1.33354e-05 1.03018e-07 1.67225
1296.76 7.26867e-06 7.20471e-08 1.62102
1379.56 3.69547e-06 4.86634e-08 1.58117
1467.65 1.69948e-06 3.12612e-08 1.55092
1561.36 6.63672e-07 1.85056e-08 1.52865
1661.06 1.8598e-07 9.27978e-09 1.51292
1767.12 1.38731e-08 2.40088e-09 1.50241
1879.96 2.27284e-13 9.20547e-12 1.50001
