3863706 2.30991e+06
0.1 40.3055 0.673479 1
0.106385 37.8863 0.618531 1
0.113178 35.6123 0.568066 1
0.120405 33.4746 0.521718 1
0.128093 31.4653 0.479151 1
0.136272 29.5764 0.440056 1
0.144974 27.8009 0.404151 1
0.15423 26.132 0.371175 1
0.164078 24.5631 0.340889 1
0.174555 23.0884 0.313074 1
0.185701 21.7022 0.287529 1
0.197559 20.3992 0.264067 1
0.210173 19.1743 0.242519 1
0.223593 18.023 0.22273 1
0.23787 16.9407 0.204555 1
0.253059 15.9233 0.187862 1
0.269217 14.967 0.172532 1
0.286408 14.0681 0.158452 1
0.304695 13.2232 0.145521 1
0.324151 12.4289 0.133645 1
0.344849 11.6823 0.122738 1
0.366868 10.9805 0.112721 1
0.390294 10.3208 0.103522 1
0.415215 9.70068 0.0950723 1
0.441728 9.11779 0.0873125 1
0.469933 8.56987 0.0801858 1
0.499939 8.05484 0.0736406 1
0.531862 7.5707 0.0676295 1
0.565823 7.11563 0.0621088 1
0.601952 6.68786 0.0570386 1
0.640388 6.28576 0.0523821 1
0.681278 5.90779 0.0481056 1
0.72478 5.5525 0.044178 1
0.771059 5.21854 0.0405709 1
0.820293 4.90461 0.0372582 1
0.872671 4.60953 0.0342157 1
0.928393 4.33215 0.0314216 1
0.987673 4.07142 0.0288555 1
1.05074 3.82634 0.0264988 1
1.11783 3.59596 0.0243344 1
1.18921 3.37941 0.0223466 1
1.26514 3.17586 0.0205211 1
1.34592 2.98452 0.0188446 1
1.43186 2.80466 0.0173049 1
1.52329 2.6356 0.0158908 1
1.62056 2.47669 0.0145922 1
1.72404 2.32731 0.0133996 1
1.83412 2.1869 0.0123043 1
1.95123 2.05491 0.0112984 1
2.07582 1.93085 0.0103747 1
2.20837 1.81423 0.00952631 1
2.34938 1.70461 0.00874721 1
2.49939 1.60157 0.00803172 1
2.65899 1.50471 0.00737465 1
2.82877 1.41367 0.00677122 1
3.00939 1.32809 0.00621707 1
3.20155 1.24764 0.00570817 1
3.40598 1.17203 0.00524082 1
3.62346 1.10095 0.00481164 1
3.85483 1.03414 0.00441751 1
4.10097 0.971341 0.00405557 1
4.36282 0.91231 0.0037232 1
4.6414 0.856822 0.00341798 1
4.93777 0.804665 0.00313769 1
5.25306 0.755638 0.0028803 1
5.58848 0.709555 0.00264395 1
5.94532 0.666237 0.00242691 1
6.32494 0.62552 0.0022276 1
6.7288 0.587247 0.00204459 4.32048
7.15845 0.551669 0.00187722 4.34858
7.61554 0.518552 0.00172405 4.3781
8.10181 0.487689 0.00158381 4.40898
8.61913 0.458891 0.00145534 4.44117
9.16948 0.431989 0.0013376 4.47461
9.75498 0.406831 0.00122963 4.50926
10.3779 0.383278 0.00113059 4.54504
11.0405 0.361206 0.00103969 4.58192
11.7455 0.340501 0.000956233 4.61984
12.4955 0.321061 0.000879584 4.65873
13.2933 0.302793 0.000809162 4.69855
14.1421 0.285613 0.00074444 4.73923
15.0451 0.269443 0.000684941 4.78072
16.0058 0.254213 0.000630228 4.82296
17.0278 0.23986 0.000579905 4.86589
18.1151 0.226325 0.000533608 4.90944
19.2718 0.213553 0.000491007 4.95356
20.5023 0.201497 0.000451801 4.99818
21.8115 0.190109 0.000415713 5.04324
23.2042 0.179349 0.000382491 5.08867
24.6858 0.169179 0.000351903 5.13439
26.2621 0.159562 0.000323738 5.18034
27.939 0.150466 0.000297801 5.22645
29.723 0.14186 0.000273915 5.27263
31.6209 0.133716 0.000251917 5.31882
33.6399 0.126008 0.000231656 5.36491
35.7879 0.118711 0.000212994 5.41084
38.0731 0.111803 0.000195807 5.4565
40.5041 0.105261 0.000179976 5.50181
43.0904 0.0990667 0.000165395 5.54666
45.8419 0.0932005 0.000151966 5.59096
48.769 0.0876453 0.000139598 5.6346
51.883 0.0823845 0.000128209 5.67746
55.1959 0.0774026 0.00011772 5.71943
58.7203 0.0726853 0.000108063 5.76038
62.4697 0.0682187 9.91705e-05 5.80019
66.4586 0.0639901 9.09842e-05 5.83872
70.7021 0.0599873 8.34484e-05 5.87583
75.2166 0.0561988 7.65122e-05 5.91137
80.0194 0.0526138 7.01287e-05 5.94519
85.1288 0.0492221 6.42547e-05 5.97712
90.5645 0.0460141 5.88503e-05 6.00699
96.3473 0.0429806 5.38789e-05 6.03464
102.499 0.040113 4.93064e-05 6.05987
109.044 0.0374031 4.51018e-05 6.08249
116.007 0.0348432 4.12361e-05 6.10231
123.414 0.0324258 3.76828e-05 6.11912
131.295 0.0301442 3.44174e-05 6.13272
139.678 0.0279916 3.14173e-05 6.14287
148.597 0.025962 2.86617e-05 6.14937
158.085 0.0240492 2.61314e-05 6.15198
168.179 0.0222478 2.38086e-05 6.15046
178.918 0.0205524 2.16771e-05 6.14459
190.342 0.0189579 1.97217e-05 6.13412
202.496 0.0174596 1.79285e-05 6.11882
215.426 0.0160528 1.62848e-05 6.09844
229.182 0.0147334 1.47787e-05 6.07276
243.815 0.013497 1.33993e-05 6.04155
259.384 0.0123399 1.21366e-05 6.00457
275.946 0.0112582 1.09813e-05 5.96163
293.566 0.0102484 9.92493e-06 5.91251
312.311 0.00930709 8.95953e-06 5.85705
332.253 0.00843101 8.07787e-06 5.79508
353.468 0.00761703 7.27325e-06 5.72645
376.038 0.00686215 6.5395e-06 5.65107
400.048 0.00616348 5.87092e-06 5.56886
425.593 0.00551826 5.26227e-06 5.47977
452.768 0.0049238 4.7087e-06 5.38381
481.678 0.0043775 4.20574e-06 5.28102
512.435 0.00387684 3.74928e-06 5.17151
545.155 0.00341938 3.3355e-06 5.05544
579.964 0.00300273 2.9609e-06 4.933
616.996 0.00262457 2.62224e-06 4.80447
656.393 0.0022826 2.31653e-06 4.67018
698.306 0.00197461 2.041e-06 4.53053
742.894 0.0016984 1.79308e-06 4.38598
790.33 0.00145182 1.57042e-06 4.23702
840.795 0.00123279 1.37083e-06 4.08421
894.481 0.00103922 1.19226e-06 3.92815
951.596 0.000869101 1.03283e-06 3.76944
1012.36 0.000720457 8.90796e-07 3.60868
1077 0.000591361 7.64504e-07 3.44645
1145.77 0.000479944 6.5242e-07 3.28321
1218.93 0.000384396 5.53095e-07 3.11931
1296.76 0.000302976 4.6515e-07 2.95484
1379.56 0.000234016 3.8725e-07 2.78956
1467.65 0.000175935 3.1807e-07 2.62266
1561.36 0.000127238 2.56232e-07 2.45241
1661.06 8.65294e-05 2.00164e-07 2.27552
1767.12 5.25198e-05 1.47722e-07 2.08537
1879.96 2.40301e-05 9.46542e-08 1.86598
