2157654 1.28995e+06
0.1 122.228 1.17281 1
0.106385 114.891 1.07712 1
0.113178 107.995 0.989239 1
0.120405 101.512 0.908526 1
0.128093 95.4187 0.834398 1
0.136272 89.6906 0.766318 1
0.144974 84.306 0.703791 1
0.15423 79.2446 0.646365 1
0.164078 74.4867 0.593624 1
0.174555 70.0143 0.545185 1
0.185701 65.8103 0.500698 1
0.197559 61.8584 0.459841 1
0.210173 58.1437 0.422316 1
0.223593 54.6518 0.387853 1
0.23787 51.3694 0.356202 1
0.253059 48.284 0.327133 1
0.269217 45.3836 0.300436 1
0.286408 42.6573 0.275916 1
0.304695 40.0946 0.253397 1
0.324151 37.6857 0.232716 1
0.344849 35.4213 0.213722 1
0.366868 33.2927 0.196277 1
0.390294 31.2919 0.180256 1
0.415215 29.4111 0.165542 1
0.441728 27.6432 0.152029 1
0.469933 25.9814 0.139618 1
0.499939 24.4192 0.12822 1
0.531862 22.9508 0.117752 1
0.565823 21.5706 0.108138 1
0.601952 20.2731 0.0993083 1
0.640388 19.0535 0.0911994 1
0.681278 17.9071 0.0837521 1
0.72478 16.8295 0.0769126 1
0.771059 15.8166 0.0706312 1
0.820293 14.8644 0.0648624 1
0.872671 13.9694 0.0595643 1
0.928393 13.1281 0.0546987 1
0.987673 12.3372 0.0502301 1
1.05074 11.5939 0.0461262 1
1.11783 10.8951 0.0423573 1
1.18921 10.2383 0.038896 1
1.26514 9.62086 0.0357172 1
1.34592 9.0405 0.0327978 1
1.43186 8.49497 0.0301168 1
1.52329 7.98218 0.0276546 1
1.62056 7.50016 0.0253934 1
1.72404 7.04707 0.0233168 1
1.83412 6.62117 0.0214097 1
1.95123 6.22083 0.0196583 1
2.07582 5.84452 0.0180499 1
2.20837 5.4908 0.0165728 1
2.34938 5.1583 0.0152164 1
2.49939 4.84576 0.0139707 1
2.65899 4.55198 0.0128267 1
2.82877 4.27582 0.0117762 1
3.00939 4.01625 0.0108114 1
3.20155 3.77225 0.00992549 1
3.40598 3.5429 0.00911192 1
3.62346 3.32732 0.00836481 1
3.85483 3.12468 0.00767874 1
4.10097 2.9342 0.00704873 1
4.36282 2.75515 0.0064702 1
4.6414 2.58685 0.00593895 1
4.93777 2.42866 0.00545112 1
5.25306 2.27996 0.00500317 1
5.58848 2.14019 0.00459184 1
5.94532 2.00881 0.00421414 1
6.32494 1.88533 0.00386732 1
6.7288 1.76925 0.00354888 7.3835
7.15845 1.66054 0.00325687 7.43851
7.61554 1.55869 0.00298905 7.49448
8.10181 1.46322 0.00274339 7.55136
8.61913 1.3737 0.00251801 7.60907
9.16948 1.28972 0.0023112 7.66755
9.75498 1.21092 0.00212142 7.72673
10.3779 1.13695 0.00194723 7.78653
11.0405 1.06748 0.00178734 7.84687
11.7455 1.00224 0.00164056 7.90769
12.4955 0.940941 0.00150579 7.96889
13.2933 0.883333 0.00138205 8.03038
14.1421 0.82918 0.00126843 8.09208
15.0451 0.778264 0.00116408 8.15389
16.0058 0.730381 0.00106825 8.21571
17.0278 0.685343 0.000980238 8.27744
18.1151 0.642973 0.000899399 8.33896
19.2718 0.603107 0.000825148 8.40016
20.5023 0.565591 0.000756946 8.46091
21.8115 0.530284 0.000694299 8.52108
23.2042 0.497051 0.000636754 8.58055
24.6858 0.465767 0.000583894 8.63915
26.2621 0.436317 0.00053534 8.69676
27.939 0.408591 0.00049074 8.75319
29.723 0.382487 0.000449774 8.80829
31.6209 0.357911 0.000412147 8.86188
33.6399 0.334771 0.000377588 8.91377
35.7879 0.312986 0.000345847 8.96376
38.0731 0.292475 0.000316698 9.01165
40.5041 0.273167 0.00028993 9.05722
43.0904 0.25499 0.000265351 9.10024
45.8419 0.237882 0.000242783 9.14048
48.769 0.22178 0.000222064 9.17767
51.883 0.206629 0.000203044 9.21156
55.1959 0.192373 0.000185586 9.24188
58.7203 0.178964 0.000169564 9.26833
62.4697 0.166353 0.000154862 9.29062
66.4586 0.154496 0.000141373 9.30843
70.7021 0.143351 0.000129 9.32146
75.2166 0.132879 0.000117651 9.32937
80.0194 0.123043 0.000107244 9.33181
85.1288 0.113809 9.77039e-05 9.32843
90.5645 0.105142 8.89595e-05 9.31888
96.3473 0.097014 8.09467e-05 9.3028
102.499 0.0893944 7.36065e-05 9.2798
109.044 0.0822562 6.68843e-05 9.24953
116.007 0.0755737 6.07301e-05 9.2116
123.414 0.0693228 5.50979e-05 9.16565
131.295 0.0634804 4.99454e-05 9.11132
139.678 0.0580252 4.52338e-05 9.04823
148.597 0.0529366 4.09271e-05 8.97606
158.085 0.0481955 3.69926e-05 8.89448
168.179 0.0437835 3.34e-05 8.80318
178.918 0.0396836 3.01214e-05 8.70189
190.342 0.0358792 2.71312e-05 8.59037
202.496 0.0323548 2.4406e-05 8.46842
215.426 0.0290957 2.1924e-05 8.3359
229.182 0.0260877 1.96654e-05 8.19269
243.815 0.0233172 1.76117e-05 8.03878
259.384 0.0207715 1.57462e-05 7.8742
275.946 0.0184382 1.40533e-05 7.69906
293.566 0.0163052 1.25188e-05 7.51358
312.311 0.0143612 1.11294e-05 7.31804
332.253 0.012595 9.87316e-06 7.11285
353.468 0.0109959 8.7388e-06 6.89851
376.038 0.0095536 7.7161e-06 6.67565
400.048 0.00825785 6.79558e-06 6.445
425.593 0.00709889 5.96853e-06 6.20742
452.768 0.00606713 5.22688e-06 5.96388
481.678 0.00515328 4.56322e-06 5.71549
512.435 0.00434829 3.9707e-06 5.46344
545.155 0.00364335 3.443e-06 5.20904
579.964 0.00302993 2.97428e-06 4.95369
616.996 0.00249979 2.55915e-06 4.69889
656.393 0.00204496 2.19263e-06 4.44614
698.306 0.0016578 1.87012e-06 4.19704
742.894 0.00133103 1.58736e-06 3.95316
790.33 0.00105771 1.34043e-06 3.71605
840.795 0.000831315 1.1257e-06 3.48722
894.481 0.000645733 9.39817e-07 3.26809
951.596 0.000495297 7.79702e-07 3.05997
1012.36 0.000374803 6.42504e-07 2.86398
1077 0.000279518 5.25604e-07 2.68108
1145.77 0.000205193 4.26592e-07 2.51201
1218.93 0.000148053 3.43257e-07 2.35721
1296.76 0.000104796 2.73566e-07 2.21687
1379.56 7.25692e-05 2.15647e-07 2.09081
1467.65 4.89439e-05 1.67763e-07 1.97842
1561.36 3.18849e-05 1.28268e-07 1.87856
1661.06 1.97093e-05 9.55299e-08 1.78924
1767.12 1.10428e-05 6.77365e-08 1.70698
1879.96 4.77298e-06 4.21849e-08 1.62459
