6272250 3.74985e+06
0.1 8.20407 0.303848 1
0.106385 7.71164 0.279058 1
0.113178 7.24875 0.256289 1
0.120405 6.81362 0.235379 1
0.128093 6.40459 0.216174 1
0.136272 6.0201 0.198535 1
0.144974 5.65867 0.182336 1
0.15423 5.31893 0.167458 1
0.164078 4.99956 0.153793 1
0.174555 4.69936 0.141244 1
0.185701 4.41716 0.129718 1
0.197559 4.15189 0.119133 1
0.210173 3.90254 0.109411 1
0.223593 3.66814 0.100482 1
0.23787 3.44781 0.0922818 1
0.253059 3.2407 0.0847505 1
0.269217 3.04601 0.0778336 1
0.286408 2.863 0.0714811 1
0.304695 2.69098 0.0656469 1
0.324151 2.52927 0.0602886 1
0.344849 2.37727 0.0553676 1
0.366868 2.23438 0.050848 1
0.390294 2.10007 0.0466972 1
0.415215 1.97382 0.0428851 1
0.441728 1.85514 0.039384 1
0.469933 1.74358 0.0361686 1
0.499939 1.63872 0.0332156 1
0.531862 1.54015 0.0305035 1
0.565823 1.44749 0.0280127 1
0.601952 1.3604 0.0257252 1
0.640388 1.27853 0.0236243 1
0.681278 1.20157 0.0216949 1
0.72478 1.12923 0.0199229 1
0.771059 1.06123 0.0182955 1
0.820293 0.997313 0.016801 1
0.872671 0.937229 0.0154284 1
0.928393 0.880752 0.0141678 1
0.987673 0.827663 0.0130101 1
1.05074 0.77776 0.0119469 1
1.11783 0.730852 0.0109705 1
1.18921 0.686758 0.0100738 1
1.26514 0.645311 0.00925028 1
1.34592 0.606351 0.00849397 1
1.43186 0.569728 0.00779941 1
1.52329 0.535304 0.00716154 1
1.62056 0.502945 0.00657575 1
1.72404 0.472528 0.00603779 1
1.83412 0.443937 0.00554375 1
1.95123 0.417061 0.00509004 1
2.07582 0.391799 0.00467339 1
2.20837 0.368052 0.00429075 1
2.34938 0.345731 0.00393937 1
2.49939 0.324749 0.00361668 1
2.65899 0.305026 0.00332035 1
2.82877 0.286487 0.00304822 1
3.00939 0.26906 0.00279832 1
3.20155 0.25268 0.00256884 1
3.40598 0.237282 0.0023581 1
3.62346 0.222809 0.00216459 1
3.85483 0.209204 0.00198689 1
4.10097 0.196416 0.00182371 1
4.36282 0.184395 0.00167386 1
4.6414 0.173096 0.00153627 1
4.93777 0.162475 0.00140993 1
5.25306 0.152492 0.00129391 1
5.58848 0.143108 0.00118738 1
5.94532 0.134287 0.00108957 1
6.32494 0.125995 0.000999757 1
6.7288 0.118201 0.000917292 2.4687
7.15845 0.111272 0.000843079 2.47972
7.61554 0.105085 0.00077611 2.49297
8.10181 0.099534 0.000715514 2.50839
8.61913 0.0945291 0.000660532 2.52587
9.16948 0.0899917 0.000610508 2.54532
9.75498 0.0858547 0.000564873 2.56666
10.3779 0.0820607 0.000523137 2.58979
11.0405 0.0785606 0.000484874 2.61461
11.7455 0.0753125 0.000449716 2.64103
12.4955 0.0722809 0.000417345 2.66897
13.2933 0.0694357 0.000387484 2.69833
14.1421 0.0667515 0.000359892 2.72903
15.0451 0.0642068 0.000334357 2.76099
16.0058 0.0617836 0.000310696 2.79412
17.0278 0.059467 0.000288746 2.82835
18.1151 0.0572445 0.000268363 2.86359
19.2718 0.0551057 0.000249421 2.89978
20.5023 0.0530421 0.000231806 2.93685
21.8115 0.0510467 0.000215415 2.97472
23.2042 0.0491138 0.000200158 3.01334
24.6858 0.0472387 0.000185951 3.05262
26.2621 0.0454176 0.000172719 3.09252
27.939 0.0436477 0.000160394 3.13297
29.723 0.0419265 0.000148912 3.1739
31.6209 0.040252 0.000138216 3.21526
33.6399 0.0386228 0.000128252 3.25699
35.7879 0.0370377 0.000118972 3.29903
38.0731 0.0354957 0.000110329 3.34131
40.5041 0.0339961 0.000102281 3.38378
43.0904 0.0325382 9.47885e-05 3.42638
45.8419 0.0311216 8.78149e-05 3.46904
48.769 0.0297458 8.13259e-05 3.51171
51.883 0.0284104 7.52894e-05 3.55432
55.1959 0.0271151 6.96753e-05 3.5968
58.7203 0.0258594 6.44557e-05 3.6391
62.4697 0.024643 5.96044e-05 3.68113
66.4586 0.0234656 5.50967e-05 3.72284
70.7021 0.0223266 5.09096e-05 3.76414
75.2166 0.0212257 4.70217e-05 3.80496
80.0194 0.0201623 4.34127e-05 3.84522
85.1288 0.0191361 4.00637e-05 3.88485
90.5645 0.0181464 3.69572e-05 3.92374
96.3473 0.0171927 3.40764e-05 3.96182
102.499 0.0162744 3.1406e-05 3.99899
109.044 0.0153908 2.89315e-05 4.03515
116.007 0.0145414 2.66392e-05 4.0702
123.414 0.0137253 2.45165e-05 4.10404
131.295 0.012942 2.25516e-05 4.13654
139.678 0.0121907 2.07334e-05 4.1676
148.597 0.0114707 1.90515e-05 4.19709
158.085 0.0107812 1.74963e-05 4.22489
168.179 0.0101215 1.60588e-05 4.25086
178.918 0.00949082 1.47306e-05 4.27486
190.342 0.00888836 1.35039e-05 4.29676
202.496 0.00831337 1.23713e-05 4.31639
215.426 0.0077651 1.13261e-05 4.33361
229.182 0.00724276 1.03618e-05 4.34826
243.815 0.0067456 9.4727e-06 4.36017
259.384 0.00627287 8.65317e-06 4.36918
275.946 0.00582382 7.89814e-06 4.3751
293.566 0.0053977 7.20284e-06 4.37776
312.311 0.00499379 6.56286e-06 4.37698
332.253 0.00461137 5.97409e-06 4.37257
353.468 0.00424973 5.43271e-06 4.36435
376.038 0.00390817 4.93516e-06 4.35213
400.048 0.00358601 4.47815e-06 4.33571
425.593 0.00328258 4.05863e-06 4.31492
452.768 0.00299721 3.67375e-06 4.28956
481.678 0.00272925 3.32087e-06 4.25944
512.435 0.00247807 2.99754e-06 4.22439
545.155 0.00224304 2.7015e-06 4.18423
579.964 0.00202354 2.43064e-06 4.13878
616.996 0.00181895 2.183e-06 4.08787
656.393 0.00162867 1.95677e-06 4.03136
698.306 0.00145212 1.75026e-06 3.96907
742.894 0.00128869 1.56191e-06 3.90086
790.33 0.00113782 1.39026e-06 3.82657
840.795 0.000998914 1.23396e-06 3.74606
894.481 0.000871409 1.09176e-06 3.65916
951.596 0.000754734 9.62482e-07 3.5657
1012.36 0.000648324 8.45027e-07 3.46548
1077 0.000551621 7.38369e-07 3.35824
1145.77 0.000464066 6.41537e-07 3.24366
1218.93 0.000385111 5.53609e-07 3.12131
1296.76 0.00031421 4.73696e-07 2.99059
1379.56 0.000250829 4.00919e-07 2.85061
1467.65 0.00019444 3.3438e-07 2.70006
1561.36 0.00014453 2.73089e-07 2.53686
1661.06 0.0001006 2.15826e-07 2.35746
1767.12 6.21704e-05 1.60722e-07 2.15505
1879.96 2.87813e-05 1.0359e-07 1.91275
