6322428 3.77985e+06
0.1 7.83384 0.296913 1
0.106385 7.36363 0.272688 1
0.113178 6.92163 0.25044 1
0.120405 6.50614 0.230006 1
0.128093 6.11557 0.211239 1
0.136272 5.74842 0.194004 1
0.144974 5.40331 0.178174 1
0.15423 5.07889 0.163635 1
0.164078 4.77393 0.150283 1
0.174555 4.48727 0.13802 1
0.185701 4.21781 0.126757 1
0.197559 3.96451 0.116413 1
0.210173 3.7264 0.106913 1
0.223593 3.50258 0.0981883 1
0.23787 3.29219 0.0901751 1
0.253059 3.09442 0.0828157 1
0.269217 2.90852 0.0760567 1
0.286408 2.73376 0.0698491 1
0.304695 2.5695 0.064148 1
0.324151 2.41509 0.0589121 1
0.344849 2.26994 0.0541033 1
0.366868 2.1335 0.0496869 1
0.390294 2.00525 0.0456308 1
0.415215 1.88469 0.0419057 1
0.441728 1.77137 0.0384845 1
0.469933 1.66484 0.0353425 1
0.499939 1.56471 0.0324568 1
0.531862 1.47058 0.0298066 1
0.565823 1.38211 0.0273727 1
0.601952 1.29894 0.0251374 1
0.640388 1.22076 0.0230845 1
0.681278 1.14728 0.0211991 1
0.72478 1.0782 0.0194675 1
0.771059 1.01327 0.0178773 1
0.820293 0.952231 0.0164169 1
0.872671 0.894858 0.0150756 1
0.928393 0.840927 0.0138438 1
0.987673 0.790233 0.0127126 1
1.05074 0.742581 0.0116736 1
1.11783 0.697788 0.0107195 1
1.18921 0.655683 0.00984325 1
1.26514 0.616105 0.00903853 1
1.34592 0.578902 0.00829949 1
1.43186 0.543931 0.00762079 1
1.52329 0.511059 0.00699749 1
1.62056 0.48016 0.00642508 1
1.72404 0.451115 0.0058994 1
1.83412 0.423813 0.00541664 1
1.95123 0.39815 0.0049733 1
2.07582 0.374026 0.00456616 1
2.20837 0.351351 0.00419227 1
2.34938 0.330036 0.00384891 1
2.49939 0.31 0.0035336 1
2.65899 0.291167 0.00324404 1
2.82877 0.273464 0.00297813 1
3.00939 0.256823 0.00273394 1
3.20155 0.241181 0.00250971 1
3.40598 0.226478 0.00230379 1
3.62346 0.212658 0.0021147 1
3.85483 0.199666 0.00194106 1
4.10097 0.187455 0.00178162 1
4.36282 0.175976 0.00163521 1
4.6414 0.165187 0.00150076 1
4.93777 0.155045 0.00137731 1
5.25306 0.145512 0.00126395 1
5.58848 0.136551 0.00115986 1
5.94532 0.128127 0.00106429 1
6.32494 0.12021 0.000976534 1
6.7288 0.112768 0.000895959 2.43878
7.15845 0.106168 0.000823517 2.44953
7.61554 0.100292 0.000758204 2.46255
8.10181 0.0950329 0.000699149 2.47775
8.61913 0.0903024 0.000645596 2.49505
9.16948 0.0860229 0.000596894 2.51436
9.75498 0.0821283 0.000552478 2.53557
10.3779 0.0785622 0.000511864 2.55859
11.0405 0.0752763 0.00047463 2.58332
11.7455 0.0722295 0.000440415 2.60968
12.4955 0.0693872 0.000408906 2.63756
13.2933 0.0667198 0.000379831 2.66688
14.1421 0.0642028 0.000352954 2.69755
15.0451 0.0618152 0.000328071 2.72948
16.0058 0.0595398 0.000305002 2.7626
17.0278 0.057362 0.000283589 2.79681
18.1151 0.05527 0.000263694 2.83205
19.2718 0.0532539 0.000245194 2.86824
20.5023 0.0513056 0.00022798 2.90532
21.8115 0.0494185 0.000211952 2.94319
23.2042 0.0475874 0.000197023 2.98182
24.6858 0.045808 0.000183114 3.02111
26.2621 0.044077 0.000170151 3.06103
27.939 0.0423916 0.000158069 3.10149
29.723 0.0407498 0.000146808 3.14244
31.6209 0.03915 0.000136311 3.18381
33.6399 0.037591 0.000126528 3.22556
35.7879 0.0360719 0.00011741 3.26761
38.0731 0.0345919 0.000108915 3.30992
40.5041 0.0331505 0.000101001 3.35241
43.0904 0.0317474 9.36295e-05 3.39504
45.8419 0.0303822 8.67655e-05 3.43773
48.769 0.0290548 8.03757e-05 3.48043
51.883 0.0277648 7.4429e-05 3.52307
55.1959 0.0265121 6.88962e-05 3.5656
58.7203 0.0252965 6.37503e-05 3.60794
62.4697 0.0241178 5.89657e-05 3.65003
66.4586 0.0229756 5.45185e-05 3.69179
70.7021 0.0218699 5.03862e-05 3.73316
75.2166 0.0208001 4.65479e-05 3.77405
80.0194 0.0197661 4.2984e-05 3.8144
85.1288 0.0187674 3.96758e-05 3.85411
90.5645 0.0178035 3.66063e-05 3.89311
96.3473 0.016874 3.37591e-05 3.9313
102.499 0.0159784 3.11191e-05 3.9686
109.044 0.0151162 2.86722e-05 4.0049
116.007 0.0142867 2.64049e-05 4.04011
123.414 0.0134894 2.43049e-05 4.07412
131.295 0.0127237 2.23606e-05 4.10681
139.678 0.0119889 2.0561e-05 4.13808
148.597 0.0112843 1.88961e-05 4.1678
158.085 0.0106093 1.73562e-05 4.19585
168.179 0.00996313 1.59327e-05 4.22209
178.918 0.00934509 1.46171e-05 4.24639
190.342 0.00875447 1.34018e-05 4.2686
202.496 0.00819055 1.22796e-05 4.28858
215.426 0.00765261 1.12437e-05 4.30618
229.182 0.00713992 1.0288e-05 4.32124
243.815 0.00665175 9.40657e-06 4.33358
259.384 0.0061874 8.59401e-06 4.34305
275.946 0.00574613 7.84528e-06 4.34947
293.566 0.00532726 7.15569e-06 4.35267
312.311 0.00493007 6.52086e-06 4.35246
332.253 0.00455388 5.93674e-06 4.34865
353.468 0.00419801 5.39955e-06 4.34107
376.038 0.00386178 4.90578e-06 4.32952
400.048 0.00354454 4.45218e-06 4.31381
425.593 0.00324563 4.03572e-06 4.29376
452.768 0.00296441 3.65359e-06 4.26917
481.678 0.00270026 3.30318e-06 4.23986
512.435 0.00245256 2.98207e-06 4.20565
545.155 0.00222069 2.68801e-06 4.16636
579.964 0.00200405 2.41891e-06 4.12181
616.996 0.00180205 2.17284e-06 4.07183
656.393 0.00161411 1.94801e-06 4.01625
698.306 0.00143965 1.74273e-06 3.95492
742.894 0.00127809 1.55547e-06 3.88767
790.33 0.00112887 1.38478e-06 3.81436
840.795 0.000991425 1.22933e-06 3.73482
894.481 0.000865196 1.08786e-06 3.64889
951.596 0.00074963 9.59222e-07 3.55638
1012.36 0.000644177 8.4232e-07 3.45708
1077 0.00054829 7.36136e-07 3.35075
1145.77 0.000461427 6.3971e-07 3.23704
1218.93 0.000383051 5.52127e-07 3.11553
1296.76 0.000312631 4.72504e-07 2.98559
1379.56 0.000249643 3.9997e-07 2.84635
1467.65 0.000193574 3.33634e-07 2.6965
1561.36 0.000143921 2.72513e-07 2.53394
1661.06 0.000100196 2.15392e-07 2.35516
1767.12 6.19296e-05 1.6041e-07 2.15335
1879.96 2.86725e-05 1.03394e-07 1.91171
