6723852 4.01984e+06
0.1 5.10073 0.239584 1
0.106385 4.79456 0.220037 1
0.113178 4.50676 0.202084 1
0.120405 4.23621 0.185595 1
0.128093 3.98189 0.170452 1
0.136272 3.74283 0.156544 1
0.144974 3.5181 0.14377 1
0.15423 3.30685 0.132038 1
0.164078 3.10826 0.121264 1
0.174555 2.92159 0.111368 1
0.185701 2.74612 0.10228 1
0.197559 2.58117 0.0939326 1
0.210173 2.42611 0.0862665 1
0.223593 2.28036 0.0792259 1
0.23787 2.14335 0.0727596 1
0.253059 2.01455 0.0668209 1
0.269217 1.89349 0.0613667 1
0.286408 1.77968 0.0563575 1
0.304695 1.6727 0.0517569 1
0.324151 1.57214 0.0475317 1
0.344849 1.47761 0.0436513 1
0.366868 1.38876 0.0400874 1
0.390294 1.30523 0.0368144 1
0.415215 1.22671 0.0338084 1
0.441728 1.15291 0.0310477 1
0.469933 1.08353 0.0285122 1
0.499939 1.01832 0.0261837 1
0.531862 0.957016 0.0240451 1
0.565823 0.899391 0.0220811 1
0.601952 0.845224 0.0202774 1
0.640388 0.794307 0.0186208 1
0.681278 0.746445 0.0170994 1
0.72478 0.701455 0.0157022 1
0.771059 0.659164 0.0144191 1
0.820293 0.619411 0.0132406 1
0.872671 0.582042 0.0121584 1
0.928393 0.546916 0.0111644 1
0.987673 0.513898 0.0102516 1
1.05074 0.482861 0.00941337 1
1.11783 0.453686 0.00864352 1
1.18921 0.426262 0.00793651 1
1.26514 0.400483 0.00728723 1
1.34592 0.376252 0.00669096 1
1.43186 0.353474 0.00614337 1
1.52329 0.332063 0.00564049 1
1.62056 0.311937 0.00517868 1
1.72404 0.293019 0.00475457 1
1.83412 0.275236 0.00436511 1
1.95123 0.25852 0.00400745 1
2.07582 0.242807 0.00367901 1
2.20837 0.228037 0.00337739 1
2.34938 0.214153 0.00310042 1
2.49939 0.201103 0.00284607 1
2.65899 0.188836 0.00261251 1
2.82877 0.177305 0.00239803 1
3.00939 0.166466 0.00220108 1
3.20155 0.156277 0.00202022 1
3.40598 0.1467 0.00185415 1
3.62346 0.137698 0.00170166 1
3.85483 0.129236 0.00156163 1
4.10097 0.121282 0.00143306 1
4.36282 0.113805 0.001315 1
4.6414 0.106777 0.0012066 1
4.93777 0.100171 0.00110707 1
5.25306 0.0939612 0.00101568 1
5.58848 0.0881243 0.000931768 1
5.94532 0.0826377 0.000854728 1
6.32494 0.0774805 0.000783996 1
6.7288 0.0726329 0.000719056 2.20016
7.15845 0.0684727 0.000661354 2.2088
7.61554 0.0648884 0.00060987 2.22004
8.10181 0.0617845 0.000563731 2.23378
8.61913 0.0590794 0.000522191 2.2499
9.16948 0.0567039 0.000484614 2.26829
9.75498 0.0545989 0.000450465 2.28881
10.3779 0.052715 0.00041929 2.31135
11.0405 0.0510102 0.00039071 2.33578
11.7455 0.0494497 0.000364407 2.36198
12.4955 0.0480044 0.000340114 2.38983
13.2933 0.0466502 0.000317606 2.41923
14.1421 0.0453674 0.000296697 2.45006
15.0451 0.04414 0.000277227 2.48223
16.0058 0.042955 0.000259063 2.51563
17.0278 0.0418023 0.00024209 2.55017
18.1151 0.0406737 0.00022621 2.58577
19.2718 0.039563 0.000211339 2.62234
20.5023 0.0384658 0.000197402 2.65979
21.8115 0.0373787 0.000184334 2.69807
23.2042 0.0362995 0.000172077 2.73709
24.6858 0.0352268 0.000160578 2.77678
26.2621 0.03416 0.000149792 2.81709
27.939 0.0330989 0.000139673 2.85793
29.723 0.0320438 0.000130184 2.89927
31.6209 0.0309954 0.000121287 2.94102
33.6399 0.0299546 0.000112947 2.98314
35.7879 0.0289225 0.000105133 3.02557
38.0731 0.0279001 9.78147e-05 3.06824
40.5041 0.0268889 9.09633e-05 3.11111
43.0904 0.0258899 8.4552e-05 3.15411
45.8419 0.0249045 7.85554e-05 3.19719
48.769 0.0239339 7.29495e-05 3.24029
51.883 0.0229792 6.77114e-05 3.28336
55.1959 0.0220415 6.28194e-05 3.32632
58.7203 0.0211218 5.82529e-05 3.36913
62.4697 0.0202211 5.39925e-05 3.41171
66.4586 0.0193401 5.00195e-05 3.45401
70.7021 0.0184796 4.63164e-05 3.49595
75.2166 0.0176402 4.28666e-05 3.53747
80.0194 0.0168225 3.96544e-05 3.5785
85.1288 0.0160268 3.66647e-05 3.61896
90.5645 0.0152536 3.38837e-05 3.65878
96.3473 0.0145031 3.12978e-05 3.69787
102.499 0.0137755 2.88945e-05 3.73615
109.044 0.0130709 2.6662e-05 3.77353
116.007 0.0123893 2.45891e-05 3.80992
123.414 0.0117307 2.26652e-05 3.84521
131.295 0.0110951 2.08805e-05 3.87932
139.678 0.0104821 1.92256e-05 3.91213
148.597 0.00989178 1.76917e-05 3.94353
158.085 0.00932374 1.62707e-05 3.97341
168.179 0.00877773 1.49548e-05 4.00165
178.918 0.00825344 1.37368e-05 4.02811
190.342 0.00775051 1.261e-05 4.05267
202.496 0.00726857 1.15678e-05 4.07518
215.426 0.00680722 1.06045e-05 4.09551
229.182 0.00636603 9.71446e-06 4.1135
243.815 0.00594456 8.89249e-06 4.12901
259.384 0.00554237 8.13373e-06 4.14186
275.946 0.005159 7.43367e-06 4.1519
293.566 0.00479397 6.78808e-06 4.15896
312.311 0.0044468 6.19302e-06 4.16286
332.253 0.00411703 5.6448e-06 4.16342
353.468 0.00380415 5.14002e-06 4.16047
376.038 0.0035077 4.67547e-06 4.1538
400.048 0.00322718 4.2482e-06 4.14324
425.593 0.00296211 3.85543e-06 4.1286
452.768 0.00271202 3.4946e-06 4.10967
481.678 0.00247642 3.16331e-06 4.08628
512.435 0.00225484 2.85934e-06 4.05822
545.155 0.00204681 2.58063e-06 4.0253
579.964 0.00185185 2.32525e-06 3.98733
616.996 0.00166951 2.09141e-06 3.94412
656.393 0.00149931 1.87745e-06 3.89548
698.306 0.0013408 1.68184e-06 3.84122
742.894 0.00119352 1.50313e-06 3.78115
790.33 0.00105702 1.33999e-06 3.71508
840.795 0.000930832 1.19117e-06 3.64281
894.481 0.000814518 1.05552e-06 3.56413
951.596 0.000707625 9.3196e-07 3.47882
1012.36 0.000609704 8.19471e-07 3.38662
1077 0.000520308 7.17106e-07 3.28723
1145.77 0.000438995 6.23967e-07 3.18028
1218.93 0.000365322 5.39198e-07 3.06529
1296.76 0.000298853 4.61975e-07 2.94162
1379.56 0.000239155 3.91479e-07 2.80837
1467.65 0.000185803 3.26868e-07 2.66425
1561.36 0.000138377 2.67213e-07 2.50722
1661.06 9.64714e-05 2.11351e-07 2.33384
1767.12 5.96901e-05 1.57483e-07 2.13751
1879.96 2.76535e-05 1.0154e-07 1.9019
