4934170 2.94988e+06
0.1 21.443 0.491229 1
0.106385 20.1559 0.451151 1
0.113178 18.9461 0.414342 1
0.120405 17.8088 0.380536 1
0.128093 16.7398 0.349488 1
0.136272 15.7349 0.320973 1
0.144974 14.7904 0.294784 1
0.15423 13.9024 0.270731 1
0.164078 13.0678 0.248641 1
0.174555 12.2832 0.228353 1
0.185701 11.5457 0.20972 1
0.197559 10.8525 0.192607 1
0.210173 10.2009 0.176891 1
0.223593 9.58831 0.162456 1
0.23787 9.01252 0.149199 1
0.253059 8.47128 0.137024 1
0.269217 7.96252 0.125842 1
0.286408 7.48428 0.115573 1
0.304695 7.03474 0.106141 1
0.324151 6.61217 0.0974787 1
0.344849 6.21496 0.0895232 1
0.366868 5.84158 0.0822168 1
0.390294 5.49061 0.0755065 1
0.415215 5.1607 0.0693437 1
0.441728 4.85059 0.0636838 1
0.469933 4.55909 0.0584856 1
0.499939 4.28507 0.0537116 1
0.531862 4.02751 0.0493271 1
0.565823 3.78539 0.0453004 1
0.601952 3.55781 0.0416022 1
0.640388 3.34388 0.0382058 1
0.681278 3.1428 0.0350866 1
0.72478 2.95378 0.0322218 1
0.771059 2.7761 0.0295909 1
0.820293 2.60908 0.0271746 1
0.872671 2.45209 0.0249555 1
0.928393 2.30452 0.0229175 1
0.987673 2.1658 0.0210458 1
1.05074 2.03541 0.0193268 1
1.11783 1.91285 0.0177481 1
1.18921 1.79764 0.0162983 1
1.26514 1.68934 0.0149668 1
1.34592 1.58754 0.013744 1
1.43186 1.49185 0.0126209 1
1.52329 1.40191 0.0115895 1
1.62056 1.31736 0.0106424 1
1.72404 1.23789 0.00977248 1
1.83412 1.16319 0.00897361 1
1.95123 1.09297 0.00823995 1
2.07582 1.02696 0.00756618 1
2.20837 0.964914 0.00694742 1
2.34938 0.906593 0.00637917 1
2.49939 0.851772 0.00585731 1
2.65899 0.800242 0.00537806 1
2.82877 0.751804 0.00493794 1
3.00939 0.706273 0.00453376 1
3.20155 0.663475 0.00416259 1
3.40598 0.623245 0.00382173 1
3.62346 0.58543 0.0035087 1
3.85483 0.549885 0.00322124 1
4.10097 0.516473 0.00295726 1
4.36282 0.485067 0.00271485 1
4.6414 0.455545 0.00249224 1
4.93777 0.427796 0.00228781 1
5.25306 0.401712 0.00210009 1
5.58848 0.377193 0.00192771 1
5.94532 0.354147 0.00176942 1
6.32494 0.332484 0.00162406 1
6.7288 0.312121 0.00149059 3.35065
7.15845 0.293377 0.00136895 3.3698
7.61554 0.276084 0.00125798 3.39063
8.10181 0.260095 0.00115664 3.41309
8.61913 0.245278 0.001064 3.43711
9.16948 0.231518 0.000979225 3.46263
9.75498 0.218712 0.000901582 3.4896
10.3779 0.20677 0.000830406 3.51794
11.0405 0.19561 0.000765106 3.54761
11.7455 0.185163 0.00070515 3.57853
12.4955 0.175364 0.000650061 3.61064
13.2933 0.166158 0.000599409 3.6439
14.1421 0.157495 0.000552809 3.67822
15.0451 0.149331 0.000509912 3.71356
16.0058 0.141626 0.000470404 3.74986
17.0278 0.134345 0.000433999 3.78705
18.1151 0.127457 0.00040044 3.82507
19.2718 0.120932 0.000369492 3.86387
20.5023 0.114746 0.000340944 3.90338
21.8115 0.108877 0.000314601 3.94355
23.2042 0.103302 0.000290286 3.98431
24.6858 0.098005 0.000267839 4.02561
26.2621 0.0929676 0.000247112 4.06738
27.939 0.0881749 0.000227971 4.10956
29.723 0.0836129 0.000210292 4.15208
31.6209 0.0792688 0.000193962 4.19489
33.6399 0.0751309 0.000178876 4.23791
35.7879 0.0711883 0.00016494 4.28108
38.0731 0.067431 0.000152066 4.32433
40.5041 0.0638499 0.000140172 4.36759
43.0904 0.0604362 0.000129184 4.41078
45.8419 0.0571821 0.000119033 4.45384
48.769 0.05408 0.000109656 4.49667
51.883 0.0511229 0.000100996 4.5392
55.1959 0.0483042 9.29963e-05 4.58134
58.7203 0.0456176 8.56088e-05 4.62301
62.4697 0.0430574 7.87871e-05 4.66411
66.4586 0.040618 7.24885e-05 4.70454
70.7021 0.0382941 6.66737e-05 4.74421
75.2166 0.0360808 6.13063e-05 4.78302
80.0194 0.0339732 5.63526e-05 4.82084
85.1288 0.0319669 5.17815e-05 4.85757
90.5645 0.0300576 4.75642e-05 4.89309
96.3473 0.0282411 4.3674e-05 4.92727
102.499 0.0265136 4.00862e-05 4.95998
109.044 0.0248712 3.6778e-05 4.99109
116.007 0.0233105 3.37282e-05 5.02045
123.414 0.0218279 3.09174e-05 5.04791
131.295 0.0204202 2.83273e-05 5.07333
139.678 0.0190842 2.59413e-05 5.09653
148.597 0.017817 2.37438e-05 5.11736
158.085 0.0166156 2.17205e-05 5.13564
168.179 0.0154773 1.98582e-05 5.1512
178.918 0.0143995 1.81444e-05 5.16385
190.342 0.0133796 1.6568e-05 5.1734
202.496 0.0124151 1.51183e-05 5.17966
215.426 0.0115038 1.37856e-05 5.18244
229.182 0.0106433 1.2561e-05 5.18154
243.815 0.00983169 1.14361e-05 5.17675
259.384 0.00906675 1.04032e-05 5.16787
275.946 0.00834656 9.45528e-06 5.15471
293.566 0.00766921 8.58568e-06 5.13705
312.311 0.0070329 7.78835e-06 5.11471
332.253 0.00643588 7.05766e-06 5.08748
353.468 0.00587647 6.38843e-06 5.05519
376.038 0.00535305 5.77584e-06 5.01766
400.048 0.00486406 5.21546e-06 4.97473
425.593 0.00440799 4.70319e-06 4.92623
452.768 0.0039834 4.23524e-06 4.87204
481.678 0.00358886 3.8081e-06 4.81205
512.435 0.00322302 3.41853e-06 4.74615
545.155 0.00288454 3.06355e-06 4.67428
579.964 0.00257212 2.74038e-06 4.59639
616.996 0.0022845 2.44647e-06 4.51247
656.393 0.00202043 2.17944e-06 4.42254
698.306 0.00177871 1.93711e-06 4.32663
742.894 0.00155813 1.71744e-06 4.22481
790.33 0.00135753 1.51857e-06 4.11718
840.795 0.00117574 1.33873e-06 4.00386
894.481 0.00101163 1.17632e-06 3.88498
951.596 0.000864058 1.02983e-06 3.76065
1012.36 0.000731923 8.97857e-07 3.631
1077 0.000614126 7.79079e-07 3.49608
1145.77 0.000509587 6.72266e-07 3.3559
1218.93 0.000417247 5.76245e-07 3.2103
1296.76 0.000336069 4.89896e-07 3.05894
1379.56 0.000265041 4.12121e-07 2.90116
1467.65 0.000203184 3.41815e-07 2.73577
1561.36 0.000149552 2.77793e-07 2.56074
1661.06 0.000103243 2.18642e-07 2.37241
1767.12 6.34029e-05 1.62307e-07 2.16368
1879.96 2.9234e-05 1.04401e-07 1.91707
