2927050 1.74993e+06
0.1 71.1964 0.895098 1
0.106385 66.923 0.822069 1
0.113178 62.9061 0.754998 1
0.120405 59.1301 0.693397 1
0.128093 55.5806 0.636823 1
0.136272 52.2442 0.584863 1
0.144974 49.1078 0.537143 1
0.15423 46.1597 0.493315 1
0.164078 43.3884 0.453063 1
0.174555 40.7834 0.416095 1
0.185701 38.3347 0.382143 1
0.197559 36.033 0.35096 1
0.210173 33.8693 0.322322 1
0.223593 31.8354 0.29602 1
0.23787 29.9236 0.271864 1
0.253059 28.1265 0.249678 1
0.269217 26.4373 0.229303 1
0.286408 24.8494 0.21059 1
0.304695 23.3567 0.193404 1
0.324151 21.9537 0.17762 1
0.344849 20.6348 0.163124 1
0.366868 19.3951 0.14981 1
0.390294 18.2297 0.137583 1
0.415215 17.1343 0.126353 1
0.441728 16.1046 0.11604 1
0.469933 15.1367 0.106568 1
0.499939 14.2269 0.0978688 1
0.531862 13.3717 0.0898795 1
0.565823 12.5678 0.0825421 1
0.601952 11.8121 0.0758035 1
0.640388 11.1018 0.0696147 1
0.681278 10.4341 0.0639309 1
0.72478 9.80649 0.0587108 1
0.771059 9.21653 0.0539168 1
0.820293 8.66198 0.049514 1
0.872671 8.14071 0.0454704 1
0.928393 7.65072 0.0417568 1
0.987673 7.19013 0.0383463 1
1.05074 6.75718 0.0352141 1
1.11783 6.35022 0.0323375 1
1.18921 5.96768 0.0296957 1
1.26514 5.60809 0.0272695 1
1.34592 5.27009 0.0250414 1
1.43186 4.95237 0.022995 1
1.52329 4.65372 0.0211157 1
1.62056 4.37299 0.0193898 1
1.72404 4.10911 0.0178048 1
1.83412 3.86106 0.0163492 1
1.95123 3.6279 0.0150124 1
2.07582 3.40874 0.0137847 1
2.20837 3.20273 0.0126572 1
2.34938 3.00908 0.0116218 1
2.49939 2.82706 0.010671 1
2.65899 2.65596 0.00979773 1
2.82877 2.49512 0.0089958 1
3.00939 2.34395 0.00825936 1
3.20155 2.20184 0.00758306 1
3.40598 2.06827 0.00696199 1
3.62346 1.94271 0.00639164 1
3.85483 1.82469 0.00586789 1
4.10097 1.71375 0.00538691 1
4.36282 1.60947 0.00494523 1
4.6414 1.51145 0.00453963 1
4.93777 1.41931 0.00416717 1
5.25306 1.33271 0.00382515 1
5.58848 1.2513 0.00351108 1
5.94532 1.17478 0.00322268 1
6.32494 1.10286 0.00295786 1
6.7288 1.03525 0.00271468 5.61597
7.15845 0.972098 0.0024919 5.65576
7.61554 0.913064 0.00228773 5.69674
8.10181 0.85784 0.00210056 5.73887
8.61913 0.806145 0.00192894 5.78209
9.16948 0.757721 0.00177151 5.82635
9.75498 0.712333 0.00162709 5.87158
10.3779 0.669767 0.00149455 5.91774
11.0405 0.629823 0.00137289 5.96476
11.7455 0.592321 0.0012612 6.01258
12.4955 0.557093 0.00115864 6.06114
13.2933 0.523987 0.00106444 6.11037
14.1421 0.492861 0.00097792 6.16022
15.0451 0.463584 0.00089843 6.21061
16.0058 0.436036 0.000825391 6.26147
17.0278 0.410106 0.000758273 6.31273
18.1151 0.385691 0.000696588 6.36431
19.2718 0.362695 0.00063989 6.41613
20.5023 0.34103 0.000587773 6.46812
21.8115 0.320614 0.000539863 6.52019
23.2042 0.30137 0.000495816 6.57223
24.6858 0.283227 0.000455321 6.62418
26.2621 0.26612 0.000418088 6.67591
27.939 0.249987 0.000383854 6.72734
29.723 0.234769 0.000352376 6.77836
31.6209 0.220415 0.000323434 6.82884
33.6399 0.206873 0.000296821 6.87868
35.7879 0.194096 0.000272352 6.92774
38.0731 0.182041 0.000249854 6.97591
40.5041 0.170667 0.000229168 7.02303
43.0904 0.159935 0.000210151 7.06896
45.8419 0.149809 0.000192667 7.11356
48.769 0.140255 0.000176594 7.15666
51.883 0.131242 0.000161819 7.1981
55.1959 0.122738 0.000148239 7.23769
58.7203 0.114718 0.000135759 7.27526
62.4697 0.107153 0.000124289 7.31061
66.4586 0.100019 0.00011375 7.34353
70.7021 0.0932933 0.000104067 7.37383
75.2166 0.0869531 9.51721e-05 7.40128
80.0194 0.080978 8.70021e-05 7.42564
85.1288 0.0753485 7.94991e-05 7.44668
90.5645 0.0700461 7.26099e-05 7.46415
96.3473 0.0650537 6.62854e-05 7.47781
102.499 0.0603547 6.04807e-05 7.48737
109.044 0.055934 5.51541e-05 7.49257
116.007 0.0517768 5.02674e-05 7.49314
123.414 0.0478696 4.57854e-05 7.48878
131.295 0.0441994 4.16758e-05 7.47921
139.678 0.040754 3.79088e-05 7.46414
148.597 0.0375219 3.44569e-05 7.44327
158.085 0.0344921 3.12948e-05 7.4163
168.179 0.0316545 2.83994e-05 7.38295
178.918 0.0289992 2.57491e-05 7.34292
190.342 0.0265171 2.33244e-05 7.29594
202.496 0.0241993 2.11071e-05 7.24174
215.426 0.0220377 1.90804e-05 7.18006
229.182 0.0200243 1.72291e-05 7.11068
243.815 0.0181517 1.55389e-05 7.03337
259.384 0.0164127 1.39969e-05 6.94795
275.946 0.0148006 1.2591e-05 6.85427
293.566 0.0133089 1.13102e-05 6.75223
312.311 0.0119314 1.01443e-05 6.64175
332.253 0.0106621 9.08404e-06 6.52282
353.468 0.00949538 8.12067e-06 6.39547
376.038 0.00842565 7.2463e-06 6.25981
400.048 0.00744761 6.4536e-06 6.116
425.593 0.00655613 5.73582e-06 5.96431
452.768 0.0057462 5.08676e-06 5.80505
481.678 0.005013 4.50068e-06 5.63863
512.435 0.00435178 3.9723e-06 5.46556
545.155 0.00375797 3.49674e-06 5.28643
579.964 0.00322707 3.06951e-06 5.10192
616.996 0.00275469 2.68646e-06 4.91281
656.393 0.00233657 2.34376e-06 4.71996
698.306 0.00196854 2.03786e-06 4.52433
742.894 0.00164654 1.7655e-06 4.32693
790.33 0.00136662 1.52364e-06 4.12885
840.795 0.00112495 1.3095e-06 3.93123
894.481 0.000917852 1.12048e-06 3.73521
951.596 0.000741765 9.54177e-07 3.54197
1012.36 0.000593299 8.08372e-07 3.35263
1077 0.000469224 6.80994e-07 3.16825
1145.77 0.000366496 5.7012e-07 2.98978
1218.93 0.000282259 4.73952e-07 2.81798
1296.76 0.000213858 3.90798e-07 2.65335
1379.56 0.000158852 3.19054e-07 2.49603
1467.65 0.000115007 2.57164e-07 2.3456
1561.36 8.03111e-05 2.0357e-07 2.20081
1661.06 5.296e-05 1.56595e-07 2.05905
1767.12 3.13587e-05 1.14146e-07 1.91507
1879.96 1.41093e-05 7.25296e-08 1.75662
