7024920 4.19983e+06
0.1 3.28466 0.192259 1
0.106385 3.0875 0.176573 1
0.113178 2.90216 0.162166 1
0.120405 2.72792 0.148934 1
0.128093 2.56414 0.136782 1
0.136272 2.41017 0.12562 1
0.144974 2.26544 0.115369 1
0.15423 2.12938 0.105954 1
0.164078 2.00148 0.0973077 1
0.174555 1.88125 0.0893662 1
0.185701 1.76823 0.0820726 1
0.197559 1.66198 0.0753739 1
0.210173 1.56211 0.0692217 1
0.223593 1.46822 0.0635714 1
0.23787 1.37997 0.058382 1
0.253059 1.29701 0.053616 1
0.269217 1.21902 0.0492388 1
0.286408 1.14571 0.0452188 1
0.304695 1.0768 0.0415267 1
0.324151 1.01202 0.0381358 1
0.344849 0.95113 0.0350216 1
0.366868 0.893889 0.0321616 1
0.390294 0.840081 0.0295348 1
0.415215 0.789501 0.0271225 1
0.441728 0.741954 0.0249069 1
0.469933 0.69726 0.0228722 1
0.499939 0.655246 0.0210035 1
0.531862 0.615753 0.0192873 1
0.565823 0.578629 0.0177111 1
0.601952 0.543732 0.0162636 1
0.640388 0.510928 0.0149343 1
0.681278 0.480092 0.0137134 1
0.72478 0.451107 0.0125922 1
0.771059 0.42386 0.0115625 1
0.820293 0.398247 0.0106168 1
0.872671 0.374172 0.00974839 1
0.928393 0.35154 0.00895084 1
0.987673 0.330267 0.00821841 1
1.05074 0.310269 0.00754577 1
1.11783 0.291472 0.00692805 1
1.18921 0.273802 0.00636078 1
1.26514 0.257193 0.00583982 1
1.34592 0.24158 0.00536142 1
1.43186 0.226904 0.00492208 1
1.52329 0.213108 0.00451863 1
1.62056 0.200141 0.00414813 1
1.72404 0.187951 0.00380791 1
1.83412 0.176493 0.00349547 1
1.95123 0.165722 0.00320857 1
2.07582 0.155598 0.00294511 1
2.20837 0.146081 0.00270318 1
2.34938 0.137135 0.00248103 1
2.49939 0.128726 0.00227703 1
2.65899 0.120821 0.00208972 1
2.82877 0.113391 0.00191771 1
3.00939 0.106407 0.00175978 1
3.20155 0.0998422 0.00161476 1
3.40598 0.0936711 0.00148161 1
3.62346 0.0878704 0.00135935 1
3.85483 0.0824178 0.00124709 1
4.10097 0.0772924 0.00114402 1
4.36282 0.0724747 0.00104939 1
4.6414 0.0679461 0.000962512 1
4.93777 0.0636893 0.000882746 1
5.25306 0.059688 0.000809515 1
5.58848 0.0559269 0.000742285 1
5.94532 0.0523916 0.000680565 1
6.32494 0.0490685 0.000623905 1
6.7288 0.0459448 0.000571893 2.01594
7.15845 0.0434052 0.000526557 2.02304
7.61554 0.0413441 0.000486811 2.03316
8.10181 0.039672 0.000451726 2.04614
8.61913 0.0383128 0.000420517 2.06184
9.16948 0.0372023 0.000392532 2.08009
9.75498 0.0362865 0.000367233 2.10073
10.3779 0.0355203 0.00034418 2.12359
11.0405 0.0348662 0.000323019 2.14852
11.7455 0.0342932 0.000303465 2.17534
12.4955 0.0337762 0.000285292 2.20393
13.2933 0.0332945 0.000268317 2.23413
14.1421 0.0328319 0.0002524 2.26581
15.0451 0.0323753 0.000237425 2.29885
16.0058 0.031915 0.000223304 2.33315
17.0278 0.0314433 0.000209962 2.36858
18.1151 0.0309548 0.000197342 2.40507
19.2718 0.0304459 0.000185396 2.4425
20.5023 0.0299142 0.000174082 2.48081
21.8115 0.0293587 0.000163366 2.5199
23.2042 0.0287792 0.000153218 2.55971
24.6858 0.0281761 0.000143612 2.60016
26.2621 0.0275506 0.000134522 2.64118
27.939 0.0269043 0.000125927 2.68273
29.723 0.0262391 0.000117804 2.72472
31.6209 0.0255572 0.000110134 2.76711
33.6399 0.0248607 0.000102897 2.80983
35.7879 0.0241523 9.60729e-05 2.85284
38.0731 0.0234341 8.96448e-05 2.89607
40.5041 0.0227087 8.35941e-05 2.93948
43.0904 0.0219783 7.79033e-05 2.983
45.8419 0.0212453 7.25553e-05 3.02659
48.769 0.0205119 6.75334e-05 3.07019
51.883 0.01978 6.28215e-05 3.11374
55.1959 0.0190517 5.84038e-05 3.15719
58.7203 0.0183288 5.42649e-05 3.20049
62.4697 0.0176129 5.03902e-05 3.24357
66.4586 0.0169055 4.67653e-05 3.28638
70.7021 0.0162081 4.33765e-05 3.32884
75.2166 0.0155219 4.02106e-05 3.37091
80.0194 0.0148481 3.72547e-05 3.41251
85.1288 0.0141875 3.44967e-05 3.45357
90.5645 0.0135412 3.1925e-05 3.49402
96.3473 0.0129097 2.95285e-05 3.53379
102.499 0.0122939 2.72964e-05 3.57279
109.044 0.0116942 2.52188e-05 3.61094
116.007 0.011111 2.3286e-05 3.64816
123.414 0.0105448 2.1489e-05 3.68436
131.295 0.00999571 1.9819e-05 3.71944
139.678 0.009464 1.8268e-05 3.75329
148.597 0.00894975 1.68282e-05 3.78583
158.085 0.00845304 1.54924e-05 3.81693
168.179 0.00797384 1.42536e-05 3.84648
178.918 0.0075121 1.31054e-05 3.87436
190.342 0.00706771 1.20417e-05 3.90045
202.496 0.00664053 1.10568e-05 3.92462
215.426 0.00623037 1.01452e-05 3.94673
229.182 0.005837 9.30207e-06 3.96663
243.815 0.00546018 8.5225e-06 3.98418
259.384 0.00509964 7.80211e-06 3.99923
275.946 0.00475509 7.13674e-06 4.01162
293.566 0.0044262 6.52251e-06 4.02117
312.311 0.00411266 5.95579e-06 4.02774
332.253 0.00381411 5.43318e-06 4.03112
353.468 0.00353022 4.9515e-06 4.03116
376.038 0.00326061 4.5078e-06 4.02767
400.048 0.00300493 4.09931e-06 4.02045
425.593 0.00276281 3.72346e-06 4.00932
452.768 0.00253385 3.37786e-06 3.99409
481.678 0.00231769 3.06025e-06 3.97455
512.435 0.00211395 2.76857e-06 3.95051
545.155 0.00192225 2.50087e-06 3.92178
579.964 0.00174219 2.25535e-06 3.88814
616.996 0.00157341 2.03032e-06 3.8494
656.393 0.00141551 1.82423e-06 3.80536
698.306 0.00126811 1.63561e-06 3.75581
742.894 0.00113083 1.46312e-06 3.70055
790.33 0.00100328 1.30548e-06 3.63936
840.795 0.000885091 1.16153e-06 3.57202
894.481 0.000775868 1.03017e-06 3.49831
951.596 0.000675231 9.10378e-07 3.41796
1012.36 0.000582799 8.01187e-07 3.33071
1077 0.000498189 7.01698e-07 3.23621
1145.77 0.00042102 6.11059e-07 3.13409
1218.93 0.000350912 5.28457e-07 3.02385
1296.76 0.000287488 4.53105e-07 2.90483
1379.56 0.000230374 3.84224e-07 2.77615
1467.65 0.0001792 3.21008e-07 2.6365
1561.36 0.000133601 2.62561e-07 2.48391
1661.06 9.32229e-05 2.07762e-07 2.31501
1767.12 5.77174e-05 1.54859e-07 2.12338
1879.96 2.67501e-05 9.98676e-08 1.8931
