1354806 809968
0.1 256.019 1.69738 1
0.106385 240.652 1.55889 1
0.113178 226.206 1.4317 1
0.120405 212.627 1.31488 1
0.128093 199.863 1.2076 1
0.136272 187.864 1.10906 1
0.144974 176.584 1.01857 1
0.15423 165.981 0.935454 1
0.164078 156.014 0.85912 1
0.174555 146.645 0.789013 1
0.185701 137.838 0.724626 1
0.197559 129.559 0.665491 1
0.210173 121.777 0.611181 1
0.223593 114.462 0.561301 1
0.23787 107.585 0.51549 1
0.253059 101.121 0.473417 1
0.269217 95.0449 0.434777 1
0.286408 89.3332 0.399289 1
0.304695 83.9641 0.366696 1
0.324151 78.9171 0.336762 1
0.344849 74.1729 0.309271 1
0.366868 69.7134 0.284023 1
0.390294 65.5214 0.260835 1
0.415215 61.5808 0.239539 1
0.441728 57.8767 0.21998 1
0.469933 54.3949 0.202018 1
0.499939 51.1219 0.185521 1
0.531862 48.0453 0.17037 1
0.565823 45.1533 0.156456 1
0.601952 42.4349 0.143677 1
0.640388 39.8795 0.131941 1
0.681278 37.4775 0.121162 1
0.72478 35.2196 0.111264 1
0.771059 33.0971 0.102173 1
0.820293 31.1021 0.0938239 1
0.872671 29.2267 0.0861564 1
0.928393 27.4639 0.0791148 1
0.987673 25.8068 0.0726478 1
1.05074 24.2492 0.0667088 1
1.11783 22.7851 0.0612545 1
1.18921 21.4088 0.0562455 1
1.26514 20.1151 0.0516453 1
1.34592 18.899 0.0474208 1
1.43186 17.7559 0.0435411 1
1.52329 16.6814 0.0399782 1
1.62056 15.6714 0.0367062 1
1.72404 14.722 0.0337014 1
1.83412 13.8296 0.0309419 1
1.95123 12.9907 0.0284079 1
2.07582 12.2022 0.0260807 1
2.20837 11.461 0.0239437 1
2.34938 10.7643 0.0219812 1
2.49939 10.1094 0.020179 1
2.65899 9.49386 0.0185241 1
2.82877 8.91523 0.0170044 1
3.00939 8.37133 0.0156088 1
3.20155 7.86008 0.0143273 1
3.40598 7.37951 0.0131506 1
3.62346 6.9278 0.01207 1
3.85483 6.50321 0.0110777 1
4.10097 6.10411 0.0101666 1
4.36282 5.72897 0.00933004 1
4.6414 5.37636 0.00856186 1
4.93777 5.04492 0.00785651 1
5.25306 4.73339 0.00720887 1
5.58848 4.44057 0.00661423 1
5.94532 4.16534 0.00606825 1
6.32494 3.90664 0.00556697 1
6.7288 3.66349 0.00510674 11.0581
7.15845 3.43534 0.00468447 11.1418
7.61554 3.22124 0.004297 11.2258
8.10181 3.02027 0.00394144 11.3102
8.61913 2.8316 0.00361516 11.3947
9.16948 2.65444 0.00331571 11.4792
9.75498 2.48807 0.00304089 11.5637
10.3779 2.33181 0.00278865 11.648
11.0405 2.18502 0.00255714 11.7319
11.7455 2.04711 0.00234464 11.8153
12.4955 1.91754 0.00214959 11.898
13.2933 1.79578 0.00197056 11.9799
14.1421 1.68136 0.00180622 12.0608
15.0451 1.57382 0.00165538 12.1405
16.0058 1.47274 0.00151692 12.2187
17.0278 1.37774 0.00138983 12.2954
18.1151 1.28844 0.00127317 12.3702
19.2718 1.2045 0.00116611 12.4429
20.5023 1.12559 0.00106784 12.5133
21.8115 1.05143 0.000977646 12.5811
23.2042 0.98171 0.000894875 12.6461
24.6858 0.916181 0.000818918 12.7078
26.2621 0.854591 0.000749217 12.7661
27.939 0.796708 0.000685262 12.8206
29.723 0.742314 0.000626585 12.8709
31.6209 0.691204 0.000572754 12.9168
33.6399 0.643186 0.000523373 12.9577
35.7879 0.59808 0.000478082 12.9934
38.0731 0.555719 0.000436544 13.0234
40.5041 0.515942 0.000398456 13.0472
43.0904 0.478603 0.000363535 13.0645
45.8419 0.44356 0.000331523 13.0748
48.769 0.410684 0.000302183 13.0776
51.883 0.379852 0.000275297 13.0724
55.1959 0.350947 0.000250665 13.0588
58.7203 0.323862 0.000228104 13.0361
62.4697 0.298495 0.000207443 13.0039
66.4586 0.27475 0.000188529 12.9616
70.7021 0.252537 0.000171218 12.9087
75.2166 0.231771 0.000155381 12.8448
80.0194 0.212373 0.000140895 12.7691
85.1288 0.194268 0.000127651 12.6813
90.5645 0.177386 0.000115548 12.5808
96.3473 0.16166 0.000104492 12.4672
102.499 0.147026 9.43971e-05 12.3399
109.044 0.133427 8.51848e-05 12.1986
116.007 0.120806 7.67826e-05 12.0428
123.414 0.10911 6.91241e-05 11.8723
131.295 0.0982886 6.2148e-05 11.6867
139.678 0.0882943 5.57983e-05 11.486
148.597 0.0790817 5.00232e-05 11.2698
158.085 0.0706076 4.47752e-05 11.0383
168.179 0.0628307 4.00108e-05 10.7915
178.918 0.0557114 3.56896e-05 10.5296
190.342 0.0492119 3.17748e-05 10.2529
202.496 0.0432956 2.82325e-05 9.96196
215.426 0.0379275 2.50313e-05 9.65729
229.182 0.0330736 2.21424e-05 9.33969
243.815 0.0287012 1.95395e-05 9.01009
259.384 0.0247784 1.7198e-05 8.66961
275.946 0.0212745 1.50956e-05 8.31952
293.566 0.0181594 1.32115e-05 7.96126
312.311 0.0154043 1.15265e-05 7.59645
332.253 0.0129808 1.00232e-05 7.22688
353.468 0.0108617 8.68528e-06 6.85447
376.038 0.00902046 7.49771e-06 6.48126
400.048 0.00743169 6.44669e-06 6.10942
425.593 0.00607081 5.51945e-06 5.74119
452.768 0.00491435 4.70418e-06 5.37883
481.678 0.00393991 3.99e-06 5.02465
512.435 0.0031263 3.36685e-06 4.68088
545.155 0.00245359 2.82545e-06 4.34968
579.964 0.00190319 2.35726e-06 4.03309
616.996 0.00145789 1.95437e-06 3.73295
656.393 0.00110193 1.60954e-06 3.4509
698.306 0.000821041 1.31609e-06 3.18827
742.894 0.000602429 1.06791e-06 2.94612
790.33 0.000434791 8.59408e-07 2.72515
840.795 0.000308269 6.85494e-07 2.52571
894.481 0.000214397 5.41535e-07 2.34778
951.596 0.000146018 4.23349e-07 2.191
1012.36 9.71865e-05 3.27173e-07 2.05464
1077 6.30563e-05 2.49642e-07 1.93768
1145.77 3.97541e-05 1.87768e-07 1.83884
1218.93 2.42497e-05 1.3892e-07 1.75661
1296.76 1.42265e-05 1.00795e-07 1.68935
1379.56 7.95596e-06 7.14027e-08 1.63533
1467.65 4.18184e-06 4.90377e-08 1.59281
1561.36 2.01631e-06 3.22556e-08 1.56009
1661.06 8.50638e-07 1.98462e-08 1.53559
1767.12 2.81012e-07 1.08055e-08 1.51791
1879.96 4.98316e-08 4.31037e-09 1.50595
