3111036 1.85993e+06
0.1 63.3505 0.844339 1
0.106385 59.548 0.775451 1
0.113178 55.9738 0.712183 1
0.120405 52.6139 0.654076 1
0.128093 49.4556 0.60071 1
0.136272 46.4868 0.551697 1
0.144974 43.6962 0.506682 1
0.15423 41.0729 0.46534 1
0.164078 38.6071 0.427371 1
0.174555 36.2892 0.392499 1
0.185701 34.1103 0.360472 1
0.197559 32.0622 0.331059 1
0.210173 30.137 0.304044 1
0.223593 28.3273 0.279234 1
0.23787 26.6262 0.256448 1
0.253059 25.0272 0.23552 1
0.269217 23.5241 0.216301 1
0.286408 22.1112 0.198649 1
0.304695 20.783 0.182437 1
0.324151 19.5346 0.167548 1
0.344849 18.3611 0.153874 1
0.366868 17.258 0.141316 1
0.390294 16.2211 0.129782 1
0.415215 15.2464 0.119189 1
0.441728 14.3302 0.109461 1
0.469933 13.469 0.100526 1
0.499939 12.6594 0.0923201 1
0.531862 11.8985 0.0847839 1
0.565823 11.1832 0.0778626 1
0.601952 10.5108 0.0715061 1
0.640388 9.87878 0.0656683 1
0.681278 9.28468 0.0603068 1
0.72478 8.72623 0.0553828 1
0.771059 8.2013 0.0508606 1
0.820293 7.70787 0.0467075 1
0.872671 7.24405 0.0428932 1
0.928393 6.80806 0.0393902 1
0.987673 6.39824 0.0361731 1
1.05074 6.01301 0.0332185 1
1.11783 5.6509 0.030505 1
1.18921 5.31053 0.028013 1
1.26514 4.99057 0.0257244 1
1.34592 4.68983 0.0236226 1
1.43186 4.40712 0.0216923 1
1.52329 4.14139 0.0199195 1
1.62056 3.8916 0.0182915 1
1.72404 3.65681 0.0167963 1
1.83412 3.4361 0.0154232 1
1.95123 3.22864 0.0141622 1
2.07582 3.03363 0.0130041 1
2.20837 2.85033 0.0119406 1
2.34938 2.67803 0.0109639 1
2.49939 2.51606 0.0100669 1
2.65899 2.36382 0.0092432 1
2.82877 2.22072 0.00848673 1
3.00939 2.0862 0.00779203 1
3.20155 1.95976 0.00715406 1
3.40598 1.84091 0.00656819 1
3.62346 1.72919 0.00603017 1
3.85483 1.62417 0.0055361 1
4.10097 1.52546 0.00508238 1
4.36282 1.43268 0.00466572 1
4.6414 1.34546 0.00428311 1
4.93777 1.26348 0.00393176 1
5.25306 1.18642 0.00360911 1
5.58848 1.11399 0.00331283 1
5.94532 1.0459 0.00304077 1
6.32494 0.981901 0.00279095 1
6.7288 0.921744 0.00256154 5.30934
7.15845 0.865596 0.00235143 5.34639
7.61554 0.813145 0.00215893 5.38469
8.10181 0.764108 0.00198249 5.42418
8.61913 0.718229 0.00182072 5.46481
9.16948 0.675272 0.00167236 5.50652
9.75498 0.635022 0.00153625 5.54926
10.3779 0.597284 0.00141136 5.59297
11.0405 0.56188 0.00129672 5.63759
11.7455 0.528644 0.00119148 5.68307
12.4955 0.497426 0.00109483 5.72935
13.2933 0.468088 0.00100607 5.77636
14.1421 0.440503 0.000924519 5.82404
15.0451 0.414555 0.000849593 5.87233
16.0058 0.390135 0.00078074 5.92116
17.0278 0.367145 0.000717458 5.97046
18.1151 0.345492 0.000659288 6.02016
19.2718 0.325093 0.000605813 6.07019
20.5023 0.305867 0.000556647 6.12047
21.8115 0.287743 0.00051144 6.17091
23.2042 0.270653 0.00046987 6.22144
24.6858 0.254534 0.000431641 6.27198
26.2621 0.239328 0.000396484 6.32242
27.939 0.224981 0.00036415 6.37267
29.723 0.211441 0.000334411 6.42264
31.6209 0.198663 0.00030706 6.47222
33.6399 0.186601 0.000281903 6.5213
35.7879 0.175214 0.000258766 6.56977
38.0731 0.164465 0.000237486 6.6175
40.5041 0.154316 0.000217914 6.66438
43.0904 0.144734 0.000199915 6.71026
45.8419 0.135688 0.000183361 6.75502
48.769 0.127147 0.00016814 6.79849
51.883 0.119085 0.000154142 6.84054
55.1959 0.111473 0.000141273 6.881
58.7203 0.104289 0.000129441 6.9197
62.4697 0.0975077 0.000118563 6.95647
66.4586 0.0911087 0.000108565 6.99111
70.7021 0.0850712 9.93756e-05 7.02344
75.2166 0.0793756 9.09308e-05 7.05325
80.0194 0.074004 8.31713e-05 7.08034
85.1288 0.068939 7.60426e-05 7.10448
90.5645 0.0641646 6.94946e-05 7.12544
96.3473 0.0596655 6.3481e-05 7.14299
102.499 0.0554273 5.79593e-05 7.15689
109.044 0.0514365 5.28902e-05 7.16688
116.007 0.0476802 4.82378e-05 7.1727
123.414 0.0441465 4.39689e-05 7.17409
131.295 0.0408238 4.00528e-05 7.17077
139.678 0.0377014 3.64614e-05 7.16247
148.597 0.0347691 3.31688e-05 7.14891
158.085 0.0320173 3.01512e-05 7.1298
168.179 0.0294369 2.73865e-05 7.10487
178.918 0.0270192 2.48546e-05 7.07384
190.342 0.0247562 2.25367e-05 7.03643
202.496 0.0226401 2.04158e-05 6.99238
215.426 0.0206636 1.8476e-05 6.94143
229.182 0.0188197 1.67029e-05 6.88335
243.815 0.0171018 1.50829e-05 6.81789
259.384 0.0155036 1.36037e-05 6.74487
275.946 0.0140192 1.22541e-05 6.66411
293.566 0.0126427 1.10235e-05 6.57547
312.311 0.0113689 9.90231e-06 6.47884
332.253 0.0101923 8.88163e-06 6.37415
353.468 0.009108 7.9533e-06 6.2614
376.038 0.00811116 7.10978e-06 6.14061
400.048 0.00719709 6.34413e-06 6.0119
425.593 0.0063613 5.64995e-06 5.87542
452.768 0.00559941 5.02136e-06 5.73141
481.678 0.00490718 4.45292e-06 5.58018
512.435 0.00428049 3.93963e-06 5.42213
545.155 0.00371533 3.47685e-06 5.25773
579.964 0.00320776 3.06032e-06 5.08754
616.996 0.00275398 2.68611e-06 4.91222
656.393 0.00235023 2.3506e-06 4.73249
698.306 0.00199286 2.05041e-06 4.54918
742.894 0.00167831 1.78245e-06 4.36318
790.33 0.00140311 1.54385e-06 4.17545
840.795 0.00116388 1.33196e-06 3.98699
894.481 0.000957326 1.14432e-06 3.79885
951.596 0.000780298 9.78646e-07 3.61209
1012.36 0.000629744 8.3283e-07 3.42774
1077 0.000502748 7.04902e-07 3.24679
1145.77 0.000396538 5.93027e-07 3.07012
1218.93 0.000308492 4.95487e-07 2.89842
1296.76 0.00023615 4.10661e-07 2.73217
1379.56 0.000177226 3.37001e-07 2.57143
1467.65 0.000129608 2.73e-07 2.41573
1561.36 9.13691e-05 2.17133e-07 2.26374
1661.06 6.07633e-05 1.67735e-07 2.11269
1767.12 3.62276e-05 1.22688e-07 1.95699
1879.96 1.63773e-05 7.81418e-08 1.78343
