903204 539978
0.1 464.496 2.2863 1
0.106385 436.615 2.09976 1
0.113178 410.406 1.92844 1
0.120405 385.767 1.77109 1
0.128093 362.606 1.62658 1
0.136272 340.834 1.49385 1
0.144974 320.367 1.37195 1
0.15423 301.128 1.25999 1
0.164078 283.042 1.15717 1
0.174555 266.041 1.06273 1
0.185701 250.059 0.976002 1
0.197559 235.036 0.896345 1
0.210173 220.914 0.823186 1
0.223593 207.638 0.755995 1
0.23787 195.159 0.694286 1
0.253059 183.428 0.637611 1
0.269217 172.401 0.58556 1
0.286408 162.035 0.537756 1
0.304695 152.291 0.493852 1
0.324151 143.132 0.45353 1
0.344849 134.521 0.416498 1
0.366868 126.428 0.382487 1
0.390294 118.82 0.351251 1
0.415215 111.668 0.322565 1
0.441728 104.945 0.296219 1
0.469933 98.6254 0.272022 1
0.499939 92.685 0.249801 1
0.531862 87.1009 0.229392 1
0.565823 81.8519 0.21065 1
0.601952 76.9177 0.193437 1
0.640388 72.2796 0.177628 1
0.681278 67.9197 0.16311 1
0.72478 63.8214 0.149777 1
0.771059 59.969 0.137532 1
0.820293 56.3477 0.126287 1
0.872671 52.9437 0.115959 1
0.928393 49.7439 0.106475 1
0.987673 46.7361 0.0977646 1
1.05074 43.9088 0.0897656 1
1.11783 41.2511 0.0824196 1
1.18921 38.7529 0.0756735 1
1.26514 36.4046 0.0694782 1
1.34592 34.1973 0.0637888 1
1.43186 32.1223 0.0585641 1
1.52329 30.1719 0.053766 1
1.62056 28.3386 0.0493599 1
1.72404 26.6152 0.0453137 1
1.83412 24.9953 0.041598 1
1.95123 23.4726 0.0381858 1
2.07582 22.0413 0.0350525 1
2.20837 20.6959 0.0321752 1
2.34938 19.4313 0.0295331 1
2.49939 18.2426 0.0271069 1
2.65899 17.1252 0.024879 1
2.82877 16.0749 0.0228333 1
3.00939 15.0877 0.0209548 1
3.20155 14.1597 0.01923 1
3.40598 13.2875 0.0176462 1
3.62346 12.4676 0.016192 1
3.85483 11.697 0.0148568 1
4.10097 10.9727 0.0136308 1
4.36282 10.2919 0.0125052 1
4.6414 9.65195 0.0114718 1
4.93777 9.05048 0.010523 1
5.25306 8.48516 0.00965187 1
5.58848 7.95382 0.00885213 1
5.94532 7.45443 0.00811794 1
6.32494 6.98507 0.00744394 1
6.7288 6.54395 0.00682521 15.5713
7.15845 6.12977 0.00625744 15.6842
7.61554 5.74084 0.00573643 15.7965
8.10181 5.3756 0.00525831 15.9078
8.61913 5.03258 0.00481955 16.018
9.16948 4.71041 0.00441692 16.127
9.75498 4.40779 0.00404743 16.2343
10.3779 4.12353 0.00370836 16.3399
11.0405 3.85651 0.00339722 16.4434
11.7455 3.60566 0.0031117 16.5445
12.4955 3.37001 0.0028497 16.6429
13.2933 3.14864 0.0026093 16.7383
14.1421 2.94068 0.00238872 16.8305
15.0451 2.74532 0.00218633 16.9189
16.0058 2.56181 0.00200065 17.0033
17.0278 2.38943 0.00183031 17.0832
18.1151 2.22751 0.00167404 17.1582
19.2718 2.07545 0.0015307 17.2279
20.5023 1.93264 0.00139923 17.2918
21.8115 1.79855 0.00127865 17.3494
23.2042 1.67265 0.00116808 17.4002
24.6858 1.55447 0.0010667 17.4437
26.2621 1.44356 0.000973745 17.4793
27.939 1.33948 0.000888537 17.5064
29.723 1.24185 0.000810439 17.5245
31.6209 1.15028 0.000738868 17.5328
33.6399 1.06444 0.000673292 17.5307
35.7879 0.983982 0.000613219 17.5177
38.0731 0.908609 0.0005582 17.4929
40.5041 0.838027 0.000507819 17.4557
43.0904 0.771967 0.000461698 17.4054
45.8419 0.710171 0.000419487 17.3412
48.769 0.652401 0.000380867 17.2625
51.883 0.598431 0.000345543 17.1684
55.1959 0.548049 0.000313244 17.0583
58.7203 0.501056 0.000283723 16.9315
62.4697 0.457264 0.000256752 16.7873
66.4586 0.416497 0.000232122 16.625
70.7021 0.378589 0.000209639 16.444
75.2166 0.343382 0.000189128 16.2437
80.0194 0.310728 0.000170426 16.0237
85.1288 0.280487 0.000153384 15.7834
90.5645 0.252525 0.000137866 15.5226
96.3473 0.226717 0.000123744 15.241
102.499 0.202944 0.000110904 14.9383
109.044 0.18109 9.924e-05 14.6147
116.007 0.161047 8.86534e-05 14.2703
123.414 0.142712 7.90546e-05 13.9053
131.295 0.125984 7.03612e-05 13.5201
139.678 0.110767 6.24972e-05 13.1156
148.597 0.0969703 5.53927e-05 12.6925
158.085 0.0845038 4.89835e-05 12.252
168.179 0.0732819 4.32105e-05 11.7952
178.918 0.0632215 3.80191e-05 11.3239
190.342 0.054242 3.33592e-05 10.8397
202.496 0.0462654 2.91847e-05 10.3446
215.426 0.039216 2.54529e-05 9.84101
229.182 0.0330204 2.21246e-05 9.33127
243.815 0.0276075 1.91636e-05 8.81808
259.384 0.0229087 1.65365e-05 8.30425
275.946 0.0188578 1.42124e-05 7.79277
293.566 0.0153913 1.21629e-05 7.28671
312.311 0.0124483 1.03618e-05 6.7892
332.253 0.00997106 8.78472e-06 6.30336
353.468 0.00790487 7.4094e-06 5.83227
376.038 0.00619836 6.21517e-06 5.37887
400.048 0.00480367 5.18298e-06 4.94591
425.593 0.00367658 4.29531e-06 4.53589
452.768 0.00277668 3.53601e-06 4.15099
481.678 0.0020674 2.89029e-06 3.79302
512.435 0.00151604 2.34457e-06 3.46336
545.155 0.00109373 1.88643e-06 3.1629
579.964 0.000775352 1.50458e-06 2.89207
616.996 0.000539381 1.18876e-06 2.65078
656.393 0.000367645 9.29689e-07 2.43846
698.306 0.000245085 7.19052e-07 2.25407
742.894 0.000159449 5.49404e-07 2.09614
790.33 0.000100967 4.14143e-07 1.96287
840.795 6.20135e-05 3.07455e-07 1.85215
894.481 3.67701e-05 2.24266e-07 1.7617
951.596 2.09066e-05 1.60191e-07 1.68912
1012.36 1.12826e-05 1.11475e-07 1.63199
1077 5.68316e-06 7.4946e-08 1.58798
1145.77 2.5929e-06 4.79539e-08 1.5549
1218.93 1.00733e-06 2.83137e-08 1.53078
1296.76 2.83022e-07 1.42167e-08 1.5139
1379.56 2.3113e-08 3.84854e-09 1.50276
1467.65 4.85031e-13 1.67006e-11 1.50001
1561.36 0 0 1
1661.06 0 0 1
1767.12 0 0 1
1879.96 0 0 1
