4030966 2.4099e+06
0.1 36.5592 0.641416 1
0.106385 34.3648 0.589084 1
0.113178 32.3021 0.541022 1
0.120405 30.3632 0.49688 1
0.128093 28.5406 0.45634 1
0.136272 26.8273 0.419106 1
0.144974 25.2169 0.38491 1
0.15423 23.703 0.353504 1
0.164078 22.28 0.32466 1
0.174555 20.9424 0.29817 1
0.185701 19.685 0.27384 1
0.197559 18.5031 0.251495 1
0.210173 17.3921 0.230974 1
0.223593 16.3477 0.212126 1
0.23787 15.3661 0.194816 1
0.253059 14.4433 0.178919 1
0.269217 13.5759 0.164318 1
0.286408 12.7605 0.150909 1
0.304695 11.9941 0.138594 1
0.324151 11.2737 0.127283 1
0.344849 10.5964 0.116895 1
0.366868 9.95988 0.107355 1
0.390294 9.3615 0.0985932 1
0.415215 8.79904 0.0905462 1
0.441728 8.27032 0.0831558 1
0.469933 7.77333 0.0763685 1
0.499939 7.30617 0.0701349 1
0.531862 6.86704 0.0644099 1
0.565823 6.45426 0.0591521 1
0.601952 6.06625 0.0543232 1
0.640388 5.70153 0.0498884 1
0.681278 5.35869 0.0458155 1
0.72478 5.03643 0.0420749 1
0.771059 4.73351 0.0386395 1
0.820293 4.44876 0.0354845 1
0.872671 4.18111 0.0325869 1
0.928393 3.92951 0.0299258 1
0.987673 3.69302 0.0274819 1
1.05074 3.47072 0.0252373 1
1.11783 3.26175 0.023176 1
1.18921 3.06533 0.0212829 1
1.26514 2.8807 0.0195443 1
1.34592 2.70715 0.0179475 1
1.43186 2.54401 0.0164811 1
1.52329 2.39066 0.0151344 1
1.62056 2.24652 0.0138976 1
1.72404 2.11103 0.0127618 1
1.83412 1.98367 0.0117186 1
1.95123 1.86395 0.0107606 1
2.07582 1.75141 0.00988086 1
2.20837 1.64564 0.00907289 1
2.34938 1.5462 0.00833088 1
2.49939 1.45274 0.00764946 1
2.65899 1.36489 0.00702366 1
2.82877 1.28231 0.00644896 1
3.00939 1.20468 0.00592119 1
3.20155 1.13172 0.00543651 1
3.40598 1.06313 0.00499141 1
3.62346 0.99866 0.00458266 1
3.85483 0.93806 0.00420729 1
4.10097 0.881096 0.00386258 1
4.36282 0.827552 0.00354603 1
4.6414 0.777222 0.00325534 1
4.93777 0.729913 0.0029884 1
5.25306 0.685443 0.00274326 1
5.58848 0.643643 0.00251816 1
5.94532 0.604352 0.00231145 1
6.32494 0.567419 0.00212163 1
6.7288 0.532704 0.00194733 4.14302
7.15845 0.500469 0.00178798 4.16949
7.61554 0.470495 0.00164222 4.19742
8.10181 0.442586 0.0015088 4.22675
8.61913 0.416565 0.00138661 4.25742
9.16948 0.392274 0.00127463 4.28938
9.75498 0.369569 0.00117197 4.32258
10.3779 0.348322 0.0010778 4.35696
11.0405 0.328417 0.000991378 4.39247
11.7455 0.309749 0.000912032 4.42905
12.4955 0.292224 0.000839154 4.46664
13.2933 0.275756 0.000772192 4.50519
14.1421 0.260268 0.000710643 4.54465
15.0451 0.245688 0.000654051 4.58494
16.0058 0.231953 0.000602003 4.62602
17.0278 0.219004 0.000554119 4.66783
18.1151 0.206789 0.000510058 4.7103
19.2718 0.195258 0.000469503 4.75338
20.5023 0.184367 0.00043217 4.797
21.8115 0.174075 0.000397796 4.8411
23.2042 0.164345 0.000366142 4.88561
24.6858 0.155142 0.000336988 4.93047
26.2621 0.146434 0.000310134 4.97561
27.939 0.138192 0.000285397 5.02095
29.723 0.130389 0.000262608 5.06642
31.6209 0.123 0.000241611 5.11195
33.6399 0.116 0.000222266 5.15746
35.7879 0.109369 0.000204442 5.20287
38.0731 0.103086 0.000188019 5.24808
40.5041 0.097132 0.000172886 5.29302
43.0904 0.0914892 0.000158944 5.33759
45.8419 0.0861413 0.000146098 5.38169
48.769 0.0810726 0.000134262 5.42522
51.883 0.0762686 0.000123358 5.46807
55.1959 0.0717157 0.000113313 5.51014
58.7203 0.0674009 0.00010406 5.5513
62.4697 0.0633121 9.55376e-05 5.59145
66.4586 0.059438 8.76883e-05 5.63044
70.7021 0.0557677 8.046e-05 5.66815
75.2166 0.0522911 7.38042e-05 5.70444
80.0194 0.0489985 6.76764e-05 5.73915
85.1288 0.0458809 6.20356e-05 5.77215
90.5645 0.0429297 5.68437e-05 5.80327
96.3473 0.0401367 5.20659e-05 5.83234
102.499 0.0374943 4.76698e-05 5.85919
109.044 0.0349951 4.36258e-05 5.88364
116.007 0.0326322 3.99063e-05 5.9055
123.414 0.0303991 3.64861e-05 5.92458
131.295 0.0282895 3.33418e-05 5.94069
139.678 0.0262975 3.04517e-05 5.9536
148.597 0.0244176 2.77962e-05 5.96311
158.085 0.0226444 2.53567e-05 5.96901
168.179 0.0209729 2.31164e-05 5.97106
178.918 0.0193983 2.10597e-05 5.96905
190.342 0.017916 1.91721e-05 5.96274
202.496 0.0165217 1.74403e-05 5.9519
215.426 0.0152113 1.58522e-05 5.9363
229.182 0.0139809 1.43963e-05 5.91571
243.815 0.0128267 1.30623e-05 5.8899
259.384 0.0117452 1.18405e-05 5.85866
275.946 0.010733 1.07221e-05 5.82177
293.566 0.00978687 9.69888e-06 5.77902
312.311 0.00890375 8.76324e-06 5.73024
332.253 0.00808066 7.90825e-06 5.67525
353.468 0.00731477 7.12748e-06 5.61389
376.038 0.00660338 6.41501e-06 5.54605
400.048 0.00594386 5.76538e-06 5.47162
425.593 0.00533371 5.17353e-06 5.39053
452.768 0.0047705 4.63482e-06 5.30277
481.678 0.00425187 4.14495e-06 5.20833
512.435 0.00377555 3.69997e-06 5.10728
545.155 0.00333932 3.29622e-06 4.99971
579.964 0.00294102 2.93032e-06 4.8858
616.996 0.00257856 2.59916e-06 4.76574
656.393 0.00224986 2.29986e-06 4.6398
698.306 0.00195292 2.02976e-06 4.50831
742.894 0.00168576 1.7864e-06 4.37164
790.33 0.00144642 1.5675e-06 4.23022
840.795 0.00123301 1.37095e-06 4.08452
894.481 0.00104365 1.1948e-06 3.93504
951.596 0.000876501 1.03722e-06 3.7823
1012.36 0.000729767 8.96533e-07 3.62681
1077 0.000601688 7.7115e-07 3.46904
1145.77 0.000490549 6.59588e-07 3.30938
1218.93 0.000394688 5.60451e-07 3.14808
1296.76 0.000312497 4.72402e-07 2.98517
1379.56 0.000242432 3.94151e-07 2.8203
1467.65 0.000183018 3.2441e-07 2.65259
1561.36 0.00013286 2.61832e-07 2.48027
1661.06 9.06469e-05 2.04871e-07 2.29993
1767.12 5.51596e-05 1.51389e-07 2.10483
1879.96 2.52808e-05 9.7086e-08 1.87857
