1605696 959962
0.1 197.11 1.48935 1
0.106385 185.279 1.36784 1
0.113178 174.158 1.25623 1
0.120405 163.703 1.15374 1
0.128093 153.876 1.0596 1
0.136272 144.638 0.973143 1
0.144974 135.954 0.893739 1
0.15423 127.791 0.820812 1
0.164078 120.118 0.753834 1
0.174555 112.905 0.692321 1
0.185701 106.125 0.635826 1
0.197559 99.7515 0.583939 1
0.210173 93.7604 0.536286 1
0.223593 88.1286 0.49252 1
0.23787 82.8348 0.452325 1
0.253059 77.8585 0.415409 1
0.269217 73.1808 0.381505 1
0.286408 68.7837 0.350367 1
0.304695 64.6504 0.321769 1
0.324151 60.7651 0.295505 1
0.344849 57.1129 0.271384 1
0.366868 53.6798 0.24923 1
0.390294 50.4527 0.228884 1
0.415215 47.4192 0.210199 1
0.441728 44.5677 0.193038 1
0.469933 41.8873 0.177277 1
0.499939 39.3678 0.162802 1
0.531862 36.9994 0.149508 1
0.565823 34.7731 0.137299 1
0.601952 32.6804 0.126087 1
0.640388 30.7133 0.115789 1
0.681278 28.8642 0.106332 1
0.72478 27.1261 0.0976461 1
0.771059 25.4922 0.0896694 1
0.820293 23.9564 0.0823437 1
0.872671 22.5128 0.0756158 1
0.928393 21.1558 0.069437 1
0.987673 19.8802 0.0637626 1
1.05074 18.6812 0.0585512 1
1.11783 17.5541 0.0537653 1
1.18921 16.4946 0.04937 1
1.26514 15.4988 0.0453334 1
1.34592 14.5627 0.0416264 1
1.43186 13.6827 0.038222 1
1.52329 12.8556 0.0350956 1
1.62056 12.0781 0.0322244 1
1.72404 11.3473 0.0295876 1
1.83412 10.6603 0.0271661 1
1.95123 10.0146 0.0249423 1
2.07582 9.40757 0.0229002 1
2.20837 8.83701 0.0210248 1
2.34938 8.3007 0.0193026 1
2.49939 7.79657 0.017721 1
2.65899 7.32271 0.0162686 1
2.82877 6.87728 0.0149349 1
3.00939 6.45859 0.0137101 1
3.20155 6.06503 0.0125854 1
3.40598 5.6951 0.0115526 1
3.62346 5.34737 0.0106042 1
3.85483 5.02051 0.00973333 1
4.10097 4.71328 0.00893363 1
4.36282 4.4245 0.0081993 1
4.6414 4.15305 0.00752501 1
4.93777 3.8979 0.00690586 1
5.25306 3.65807 0.00633734 1
5.58848 3.43264 0.00581533 1
5.94532 3.22075 0.00533602 1
6.32494 3.02159 0.00489593 1
6.7288 2.83439 0.00449186 9.55531
7.15845 2.65883 0.00412117 9.62776
7.61554 2.49415 0.00378107 9.70087
8.10181 2.33963 0.00346901 9.77454
8.61913 2.19461 0.00318265 9.84869
9.16948 2.05847 0.00291986 9.92322
9.75498 1.93065 0.00267867 9.99802
10.3779 1.8106 0.00245731 10.073
11.0405 1.69785 0.00225411 10.148
11.7455 1.59192 0.0020676 10.223
12.4955 1.49239 0.00189638 10.2978
13.2933 1.39886 0.0017392 10.3724
14.1421 1.31095 0.00159491 10.4464
15.0451 1.22832 0.00146243 10.5199
16.0058 1.15065 0.00134082 10.5926
17.0278 1.07762 0.00122916 10.6644
18.1151 1.00895 0.00112666 10.7351
19.2718 0.944388 0.00103255 10.8046
20.5023 0.883675 0.00094615 10.8726
21.8115 0.826582 0.000866833 10.9389
23.2042 0.772892 0.000794018 11.0034
24.6858 0.722401 0.000727175 11.0658
26.2621 0.67492 0.000665817 11.1258
27.939 0.63027 0.000609496 11.1833
29.723 0.588285 0.000557802 11.2378
31.6209 0.548806 0.000510357 11.2893
33.6399 0.511689 0.000466817 11.3373
35.7879 0.476794 0.000426862 11.3816
38.0731 0.443994 0.000390202 11.4219
40.5041 0.413166 0.000356568 11.4577
43.0904 0.384198 0.000325714 11.4888
45.8419 0.356982 0.000297413 11.5148
48.769 0.331418 0.000271459 11.5353
51.883 0.307413 0.00024766 11.5499
55.1959 0.284878 0.000225841 11.5583
58.7203 0.263731 0.000205841 11.5598
62.4697 0.243892 0.000187512 11.5543
66.4586 0.22529 0.000170719 11.5411
70.7021 0.207856 0.000155335 11.5199
75.2166 0.191524 0.000141247 11.4901
80.0194 0.176235 0.000128349 11.4514
85.1288 0.16193 0.000116544 11.4032
90.5645 0.148557 0.000105742 11.3451
96.3473 0.136064 9.58635e-05 11.2766
102.499 0.124403 8.68315e-05 11.1973
109.044 0.113531 7.85773e-05 11.1067
116.007 0.103404 7.10376e-05 11.0044
123.414 0.0939831 6.41538e-05 10.89
131.295 0.0852294 5.78723e-05 10.7632
139.678 0.0771073 5.21438e-05 10.6236
148.597 0.0695831 4.69229e-05 10.4709
158.085 0.0626244 4.21681e-05 10.3051
168.179 0.0562006 3.78409e-05 10.1258
178.918 0.0502825 3.39061e-05 9.93304
190.342 0.0448423 3.03314e-05 9.72683
202.496 0.0398533 2.70869e-05 9.50728
215.426 0.03529 2.41452e-05 9.27458
229.182 0.0311277 2.14812e-05 9.02908
243.815 0.0273428 1.90715e-05 8.77122
259.384 0.0239126 1.68949e-05 8.5016
275.946 0.0208148 1.49316e-05 8.22094
293.566 0.0180283 1.31637e-05 7.9301
312.311 0.0155321 1.15743e-05 7.63013
332.253 0.0133062 1.01481e-05 7.32219
353.468 0.0113309 8.87091e-06 7.0076
376.038 0.00958737 7.72973e-06 6.68784
400.048 0.00805706 6.71246e-06 6.36451
425.593 0.00672211 5.80797e-06 6.03934
452.768 0.00556521 5.00601e-06 5.71417
481.678 0.0045697 4.29708e-06 5.3909
512.435 0.00371955 3.67243e-06 5.07152
545.155 0.00299944 3.12397e-06 4.75802
579.964 0.0023948 2.64424e-06 4.4524
616.996 0.00189187 2.22633e-06 4.15659
656.393 0.00147773 1.86389e-06 3.87244
698.306 0.00114038 1.55105e-06 3.60167
742.894 0.000868739 1.28241e-06 3.34584
790.33 0.000652711 1.05298e-06 3.10626
840.795 0.000483181 8.58209e-07 2.88402
894.481 0.000352026 6.93912e-07 2.67992
951.596 0.000252104 5.56269e-07 2.49447
1012.36 0.000177218 4.41802e-07 2.32784
1077 0.000122081 3.47358e-07 2.17989
1145.77 8.22543e-05 2.70092e-07 2.05019
1218.93 5.40755e-05 2.07449e-07 1.938
1296.76 3.45827e-05 1.57152e-07 1.84233
1379.56 2.14279e-05 1.17181e-07 1.76198
1467.65 1.27901e-05 8.57597e-08 1.69555
1561.36 7.28849e-06 6.13259e-08 1.64153
1661.06 3.90039e-06 4.2497e-08 1.59822
1767.12 1.88429e-06 2.79806e-08 1.56368
1879.96 7.10622e-07 1.62773e-08 1.535
